1 1.025000 0.000000 0 1 
2 1.025000 0.000000 0 1 
3 1.025000 0.000000 0 1 
4 1.025000 0.000000 0 1 
5 1.025000 0.000000 0 1 
6 1.025000 0.000000 0 1 
7 1.025000 0.000000 0 1 
8 1.025000 0.000000 0 1 
9 1.025000 0.000000 0 1 
10 1.025000 0.000000 0 1 
11 1.025000 0.000000 0 1 
12 1.025000 0.000000 0 1 
13 1.025000 0.000000 0 1 
14 1.025000 0.000000 0 1 
15 1.025000 0.000000 0 1 
16 1.025000 0.000000 0 1 
17 1.025000 0.000000 0 1 
18 1.025000 0.000000 0 1 
19 1.025000 0.000000 0 1 
20 1.025000 0.000000 0 1 
21 1.025000 0.000000 0 1 
22 1.025000 0.000000 0 1 
23 1.025000 0.000000 0 1 
24 1.025000 0.000000 0 1 
25 1.025000 0.000000 0 1 
26 1.025000 0.000000 0 1 
27 1.025000 0.000000 0 1 
28 1.025000 0.000000 0 1 
29 1.025000 0.000000 0 1 
30 1.025000 0.000000 0 1 
31 1.025000 0.000000 0 1 
32 1.025000 0.000000 0 1 
33 1.025000 0.000000 0 1 
34 1.025000 0.000000 0 1 
35 1.025000 0.000000 0 1 
36 1.025000 0.000000 0 1 
37 1.025000 0.000000 0 1 
38 1.025000 0.000000 0 1 
39 1.025000 0.000000 0 1 
40 1.025000 0.000000 0 1 
41 1.025000 0.000000 0 1 
42 1.025000 0.000000 0 1 
43 1.025000 0.000000 0 1 
44 1.025000 0.000000 0 1 
45 1.025000 0.000000 0 1 
46 1.025000 0.000000 0 1 
47 1.025000 0.000000 0 1 
48 1.025000 0.000000 0 1 
49 1.025000 0.000000 0 1 
50 1.025000 0.000000 0 1 
51 1.025000 0.000000 0 1 
52 1.025000 0.000000 0 1 
53 1.025000 0.000000 0 1 
54 1.025000 0.000000 0 1 
55 1.025000 0.000000 0 1 
56 1.025000 0.000000 0 1 
57 1.025000 0.000000 0 1 
58 1.025000 0.000000 0 1 
59 1.025000 0.000000 0 1 
60 1.025000 0.000000 0 1 
61 1.025000 0.000000 0 1 
62 1.025000 0.000000 0 1 
63 1.025000 0.000000 0 1 
64 1.025000 0.000000 0 1 
65 1.025000 0.000000 0 1 
66 1.025000 0.000000 0 1 
67 1.025000 0.000000 0 1 
68 1.025000 0.000000 0 1 
69 1.025000 0.000000 0 1 
70 1.025000 0.000000 0 1 
71 1.025000 0.000000 0 1 
72 1.025000 0.000000 0 1 
73 1.025000 0.000000 0 1 
74 1.025000 0.000000 0 1 
75 1.025000 0.000000 0 1 
76 1.025000 0.000000 0 1 
77 1.025000 0.000000 0 1 
78 1.025000 0.000000 0 1 
79 1.025000 0.000000 0 1 
80 1.025000 0.000000 0 1 
81 1.025000 0.000000 0 1 
82 1.025000 0.000000 0 1 
83 1.025000 0.000000 0 1 
84 1.025000 0.000000 0 1 
85 1.025000 0.000000 0 1 
86 1.025000 0.000000 0 1 
87 1.025000 0.000000 0 1 
88 1.025000 0.000000 0 1 
89 1.025000 0.000000 0 1 
90 1.025000 0.000000 0 1 
91 1.025000 0.000000 0 1 
92 1.025000 0.000000 0 1 
93 1.025000 0.000000 0 1 
94 1.025000 0.000000 0 1 
95 1.025000 0.008000 0 1 
96 1.025000 0.022400 0 1 
97 1.025000 0.041920 0 1 
98 1.025000 0.065536 0 1 
99 1.025000 0.092429 0 1 
100 1.025000 0.121943 0 1 
101 1.025000 0.153554 0 1 
102 1.025000 0.178844 0 1 
103 1.025000 0.199075 0 1 
104 1.025000 0.215260 0 1 
105 1.025000 0.220208 0 1 
106 1.025000 0.216166 0 1 
107 1.025000 0.204933 0 1 
108 1.025000 0.187946 0 1 
109 1.025000 0.166357 0 1 
110 1.025000 0.141086 0 1 
111 1.025000 0.112869 0 1 
112 1.025000 0.082295 0 1 
113 1.025000 0.049836 0 1 
114 1.025000 0.015869 0 1 
115 1.025000 -0.011305 0 1 
116 1.025000 -0.033044 0 1 
117 1.025000 -0.050435 0 1 
118 1.025000 -0.064348 0 1 
119 1.025000 -0.075479 0 1 
120 1.025000 -0.084383 0 1 
121 1.025000 -0.091506 0 1 
122 1.025000 -0.097205 0 1 
123 1.025000 -0.101764 0 1 
124 1.025000 -0.105411 0 1 
125 1.025000 -0.108329 0 1 
126 1.025000 -0.110663 0 1 
127 1.025000 -0.112531 0 1 
128 1.025000 -0.114024 0 1 
129 1.025000 -0.115220 0 1 
130 1.025000 -0.116176 0 1 
131 1.025000 -0.116940 0 1 
132 1.025000 -0.117552 0 1 
133 1.025000 -0.118042 0 1 
134 1.025000 -0.118434 0 1 
135 1.025000 -0.118747 0 1 
136 1.025000 -0.118997 0 1 
137 0.650000 -0.119198 1 1 
138 0.650000 -0.119358 1 1 
139 0.650000 -0.119487 1 1 
140 0.650000 -0.119589 1 1 
141 0.650000 -0.119671 1 1 
142 0.650000 -0.119737 1 1 
143 0.650000 -0.119790 1 1 
144 0.650000 -0.119832 1 1 
145 0.650000 -0.119865 1 1 
146 0.650000 -0.119892 1 1 
147 0.650000 -0.119914 1 1 
148 0.650000 -0.119931 1 1 
149 0.650000 -0.119945 1 1 
150 0.650000 -0.119956 1 1 
151 0.650000 -0.119965 1 1 
152 0.650000 -0.119972 1 1 
153 0.650000 -0.119977 1 1 
154 0.650000 -0.119982 1 1 
155 0.650000 -0.119986 1 1 
156 0.650000 -0.119988 1 1 
157 0.650000 -0.119991 1 1 
158 0.650000 -0.119993 1 1 
159 0.650000 -0.119994 1 1 
160 0.650000 -0.119995 1 1 
161 0.650000 -0.119996 1 1 
162 0.650000 -0.119997 1 1 
163 0.650000 -0.119998 1 1 
164 0.650000 -0.111998 1 1 
165 0.650000 -0.097598 1 1 
166 0.650000 -0.078079 1 1 
167 0.650000 -0.054463 1 1 
168 0.650000 -0.027570 1 1 
169 0.650000 0.001944 1 1 
170 0.650000 0.025555 1 1 
171 0.650000 0.044444 1 1 
172 0.650000 0.059555 1 1 
173 0.650000 0.071644 1 1 
174 0.650000 0.081315 1 1 
175 0.650000 0.089052 1 1 
176 0.650000 0.095242 1 1 
177 0.650000 0.100193 1 1 
178 0.650000 0.104155 1 1 
179 0.650000 0.107324 1 1 
180 0.650000 0.101859 1 1 
181 0.650000 0.089487 1 1 
182 0.650000 0.071590 1 1 
183 0.650000 0.049272 1 1 
184 0.650000 0.023417 1 1 
185 0.650000 -0.005266 1 1 
186 0.650000 -0.036213 1 1 
187 0.650000 -0.060970 1 1 
188 0.650000 -0.080776 1 1 
189 0.650000 -0.096621 1 1 
190 0.650000 -0.109297 1 1 
191 0.650000 -0.119437 1 1 
192 0.650000 -0.127550 1 1 
193 0.650000 -0.134040 1 1 
194 0.650000 -0.139232 1 1 
195 0.650000 -0.143386 1 1 
196 0.650000 -0.146708 1 1 
197 0.650000 -0.149367 1 1 
198 0.650000 -0.151493 1 1 
199 0.650000 -0.153195 1 1 
200 0.650000 -0.154556 1 1 
201 0.650000 -0.155645 1 1 
202 0.650000 -0.156516 1 1 
203 0.650000 -0.157213 1 1 
204 0.650000 -0.157770 1 1 
205 0.650000 -0.158216 1 1 
206 0.650000 -0.158573 1 1 
207 0.650000 -0.158858 1 1 
208 0.650000 -0.159087 1 1 
209 0.650000 -0.159269 1 1 
210 0.650000 -0.159415 1 1 
211 0.650000 -0.159532 1 1 
212 0.650000 -0.159626 1 1 
213 0.650000 -0.159701 1 1 
214 0.650000 -0.159761 1 1 
215 0.650000 -0.159808 1 1 
216 0.650000 -0.159847 1 1 
217 0.650000 -0.159877 1 1 
218 0.650000 -0.159902 1 1 
219 0.650000 -0.159922 1 1 
220 0.650000 -0.159937 1 1 
221 0.650000 -0.159950 1 1 
222 0.650000 -0.159960 1 1 
223 0.650000 -0.159968 1 1 
224 0.650000 -0.159974 1 1 
225 0.650000 -0.159979 1 1 
226 0.650000 -0.159984 1 1 
227 0.650000 -0.159987 1 1 
228 0.650000 -0.159989 1 1 
229 0.650000 -0.159992 1 1 
230 0.650000 -0.159993 1 1 
231 0.650000 -0.159995 1 1 
232 0.650000 -0.159996 1 1 
233 0.650000 -0.159997 1 1 
234 0.650000 -0.159997 1 1 
235 0.650000 -0.159998 1 1 
236 0.650000 -0.159998 1 1 
237 0.650000 -0.159999 1 1 
238 0.650000 -0.159999 1 1 
239 0.650000 -0.159999 1 1 
240 0.650000 -0.159999 1 1 
241 0.650000 -0.159999 1 1 
242 0.650000 -0.160000 1 1 
243 0.650000 -0.160000 1 1 
244 0.650000 -0.160000 1 1 
245 0.650000 -0.160000 1 1 
246 0.650000 -0.160000 1 1 
247 0.650000 -0.160000 1 1 
248 0.650000 -0.160000 1 1 
249 0.650000 -0.160000 1 1 
250 0.650000 -0.160000 1 1 
251 0.650000 -0.160000 1 1 
252 0.650000 -0.160000 1 1 
253 0.650000 -0.160000 1 1 
254 0.650000 -0.160000 1 1 
255 0.650000 -0.160000 1 1 
256 0.650000 -0.160000 1 1 
257 0.650000 -0.160000 1 1 
258 0.650000 -0.160000 1 1 
259 0.650000 -0.160000 1 1 
260 0.650000 -0.160000 1 1 
261 0.650000 -0.160000 1 1 
262 0.650000 -0.160000 1 1 
263 0.650000 -0.160000 1 1 
264 0.650000 -0.160000 1 1 
265 0.650000 -0.160000 1 1 
266 0.650000 -0.160000 1 1 
267 0.650000 -0.160000 1 1 
268 0.650000 -0.160000 1 1 
269 0.650000 -0.160000 1 1 
270 0.650000 -0.160000 1 1 
271 0.650000 -0.160000 1 1 
272 0.650000 -0.160000 1 1 
273 0.650000 -0.160000 1 1 
274 0.650000 -0.160000 1 1 
275 0.650000 -0.160000 1 1 
276 0.650000 -0.160000 1 1 
277 0.650000 -0.160000 1 1 
278 0.650000 -0.160000 1 1 
279 0.650000 -0.160000 1 1 
280 0.650000 -0.160000 1 1 
281 0.650000 -0.160000 1 1 
282 0.650000 -0.160000 1 1 
283 0.650000 -0.160000 1 1 
284 0.650000 -0.160000 1 1 
285 0.650000 -0.160000 1 1 
286 0.650000 -0.160000 1 1 
287 0.650000 -0.160000 1 1 
288 0.650000 -0.160000 1 1 
289 0.650000 -0.160000 1 1 
290 0.650000 -0.160000 1 1 
291 0.650000 -0.160000 1 1 
292 0.650000 -0.160000 1 1 
293 0.650000 -0.160000 1 1 
294 0.650000 -0.160000 1 1 
295 0.650000 -0.160000 1 1 
296 0.650000 -0.160000 1 1 
297 0.650000 -0.160000 1 1 
298 0.650000 -0.160000 1 1 
299 0.650000 -0.160000 1 1 
300 0.650000 -0.160000 1 1 
301 0.650000 -0.160000 1 1 
302 0.650000 -0.160000 1 1 
303 0.650000 -0.160000 1 1 
304 0.650000 -0.160000 1 1 
305 0.650000 -0.160000 1 1 
306 0.650000 -0.160000 1 1 
307 0.650000 -0.160000 1 1 
308 0.650000 -0.152000 1 1 
309 0.650000 -0.137600 1 1 
310 0.650000 -0.118080 1 1 
311 0.650000 -0.102464 1 1 
312 0.650000 -0.089971 1 1 
313 0.650000 -0.079977 1 1 
314 0.650000 -0.071982 1 1 
315 0.650000 -0.065585 1 1 
316 0.650000 -0.060468 1 1 
317 0.650000 -0.056375 1 1 
318 0.650000 -0.053100 1 1 
319 0.650000 -0.050480 1 1 
320 0.650000 -0.048384 1 1 
321 0.650000 -0.046707 1 1 
322 0.650000 -0.045366 1 1 
323 0.650000 -0.044292 1 1 
324 0.650000 -0.043434 1 1 
325 0.650000 -0.042747 1 1 
326 0.650000 -0.042198 1 1 
327 0.650000 -0.041758 1 1 
328 0.650000 -0.041407 1 1 
329 0.650000 -0.041125 1 1 
330 0.650000 -0.040900 1 1 
331 0.650000 -0.040720 1 1 
332 0.650000 -0.040576 1 1 
333 0.650000 -0.040461 1 1 
334 0.650000 -0.040369 1 1 
335 0.650000 -0.040295 1 1 
336 0.650000 -0.040236 1 1 
337 0.650000 -0.040189 1 1 
338 0.650000 -0.040151 1 1 
339 0.650000 -0.040121 1 1 
340 0.650000 -0.040097 1 1 
341 0.650000 -0.040077 1 1 
342 0.650000 -0.040062 1 1 
343 0.650000 -0.040049 1 1 
344 0.650000 -0.040040 1 1 
345 0.650000 -0.040032 1 1 
346 0.650000 -0.040025 1 1 
347 0.650000 -0.040020 1 1 
348 0.650000 -0.040016 1 1 
349 0.650000 -0.040013 1 1 
350 0.650000 -0.040010 1 1 
351 0.650000 -0.040008 1 1 
352 0.650000 -0.040007 1 1 
353 0.650000 -0.040005 1 1 
354 0.650000 -0.040004 1 1 
355 0.650000 -0.040003 1 1 
356 0.650000 -0.040003 1 1 
357 0.650000 -0.040002 1 1 
358 0.650000 -0.040002 1 1 
359 0.650000 -0.040001 1 1 
360 0.650000 -0.040001 1 1 
361 0.650000 -0.040001 1 1 
362 0.650000 -0.040001 1 1 
363 0.650000 -0.040001 1 1 
364 0.650000 -0.040000 1 1 
365 0.650000 -0.040000 1 1 
366 0.650000 -0.040000 1 1 
367 0.650000 -0.040000 1 1 
368 0.650000 -0.040000 1 1 
369 0.650000 -0.040000 1 1 
370 0.650000 -0.040000 1 1 
371 0.650000 -0.040000 1 1 
372 0.650000 -0.040000 1 1 
373 0.650000 -0.040000 1 1 
374 0.650000 -0.040000 1 1 
375 0.650000 -0.040000 1 1 
376 0.650000 -0.040000 1 1 
377 0.650000 -0.040000 1 1 
378 0.650000 -0.040000 1 1 
379 0.650000 -0.040000 1 1 
380 0.650000 -0.040000 1 1 
381 0.650000 -0.040000 1 1 
382 1.000000 -0.040000 0 1 
383 1.000000 -0.040000 0 1 
384 1.000000 -0.040000 0 1 
385 1.000000 -0.040000 0 1 
386 1.000000 -0.040000 0 1 
387 1.000000 -0.040000 0 1 
388 1.000000 -0.040000 0 1 
389 1.000000 -0.040000 0 1 
390 1.000000 -0.040000 0 1 
391 1.000000 -0.040000 0 1 
392 1.000000 -0.040000 0 1 
393 1.000000 -0.040000 0 1 
394 1.000000 -0.040000 0 1 
395 1.000000 -0.040000 0 1 
396 1.000000 -0.040000 0 1 
397 1.000000 -0.040000 0 1 
398 1.000000 -0.040000 0 1 
399 1.000000 -0.040000 0 1 
400 1.000000 -0.040000 0 1 
401 1.000000 -0.040000 0 1 
402 1.000000 -0.040000 0 1 
403 1.000000 -0.040000 0 1 
404 1.000000 -0.040000 0 1 
405 1.000000 -0.040000 0 1 
406 1.000000 -0.040000 0 1 
407 1.000000 -0.040000 0 1 
408 1.000000 -0.040000 0 1 
409 1.000000 -0.040000 0 1 
410 1.000000 -0.040000 0 1 
411 1.000000 -0.032000 0 1 
412 1.000000 -0.017600 0 1 
413 1.000000 0.001920 0 1 
414 1.000000 0.025536 0 1 
415 1.000000 0.052429 0 1 
416 1.000000 0.081943 0 1 
417 1.000000 0.113554 0 1 
418 1.000000 0.146844 0 1 
419 1.000000 0.173475 0 1 
420 1.000000 0.194780 0 1 
421 1.000000 0.211824 0 1 
422 1.000000 0.225459 0 1 
423 1.000000 0.236367 0 1 
424 1.000000 0.245094 0 1 
425 1.000000 0.252075 0 1 
426 1.000000 0.257660 0 1 
427 1.000000 0.262128 0 1 
428 1.000000 0.265702 0 1 
429 1.000000 0.268562 0 1 
430 1.000000 0.270850 0 1 
431 1.000000 0.272680 0 1 
432 1.000000 0.274144 0 1 
433 1.000000 0.275315 0 1 
434 1.000000 0.276252 0 1 
435 1.000000 0.277002 0 1 
436 1.000000 0.269601 0 1 
437 1.000000 0.255681 0 1 
438 1.000000 0.236545 0 1 
439 1.000000 0.213236 0 1 
440 1.000000 0.186589 0 1 
441 1.000000 0.157271 0 1 
442 1.000000 0.125817 0 1 
443 1.000000 0.092653 0 1 
444 1.000000 0.058123 0 1 
445 1.000000 0.022498 0 1 
446 1.000000 -0.014001 0 1 
447 1.000000 -0.043201 0 1 
448 1.000000 -0.066561 0 1 
449 1.000000 -0.085249 0 1 
450 1.000000 -0.100199 0 1 
451 1.000000 -0.112159 0 1 
452 0.650000 -0.121727 1 1 
453 0.650000 -0.129382 1 1 
454 0.650000 -0.135505 1 1 
455 0.650000 -0.140404 1 1 
456 0.650000 -0.144323 1 1 
457 0.650000 -0.147459 1 1 
458 0.650000 -0.149967 1 1 
459 0.650000 -0.151974 1 1 
460 0.650000 -0.153579 1 1 
461 0.650000 -0.154863 1 1 
462 0.650000 -0.155890 1 1 
463 0.650000 -0.156712 1 1 
464 0.650000 -0.157370 1 1 
465 0.650000 -0.157896 1 1 
466 0.650000 -0.158317 1 1 
467 0.650000 -0.158653 1 1 
468 0.650000 -0.158923 1 1 
469 0.650000 -0.159138 1 1 
470 0.650000 -0.159310 1 1 
471 0.650000 -0.159448 1 1 
472 0.650000 -0.159559 1 1 
473 0.650000 -0.159647 1 1 
474 0.650000 -0.159718 1 1 
475 0.650000 -0.159774 1 1 
476 0.650000 -0.159819 1 1 
477 0.650000 -0.159855 1 1 
478 0.650000 -0.159884 1 1 
479 0.650000 -0.159907 1 1 
480 0.650000 -0.159926 1 1 
481 0.650000 -0.159941 1 1 
482 0.650000 -0.159953 1 1 
483 0.650000 -0.159962 1 1 
484 0.650000 -0.159970 1 1 
485 0.650000 -0.159976 1 1 
486 0.650000 -0.159981 1 1 
487 0.650000 -0.159984 1 1 
488 0.650000 -0.159988 1 1 
489 0.650000 -0.159990 1 1 
490 0.650000 -0.159992 1 1 
491 0.650000 -0.159994 1 1 
492 0.650000 -0.159995 1 1 
493 0.650000 -0.159996 1 1 
494 0.650000 -0.159997 1 1 
495 0.650000 -0.159997 1 1 
496 0.650000 -0.159998 1 1 
497 0.650000 -0.159998 1 1 
498 0.650000 -0.159999 1 1 
499 0.650000 -0.159999 1 1 
500 0.650000 -0.159999 1 1 
501 0.650000 -0.159999 1 1 
502 0.650000 -0.159999 1 1 
503 0.650000 -0.159999 1 1 
504 0.650000 -0.160000 1 1 
505 0.650000 -0.160000 1 1 
506 0.650000 -0.160000 1 1 
507 0.650000 -0.160000 1 1 
508 0.650000 -0.160000 1 1 
509 0.650000 -0.160000 1 1 
510 0.650000 -0.160000 1 1 
511 0.650000 -0.160000 1 1 
512 0.650000 -0.160000 1 1 
513 0.650000 -0.160000 1 1 
514 0.650000 -0.160000 1 1 
515 0.650000 -0.160000 1 1 
516 0.650000 -0.160000 1 1 
517 0.650000 -0.160000 1 1 
518 0.650000 -0.160000 1 1 
519 0.650000 -0.160000 1 1 
520 0.650000 -0.160000 1 1 
521 0.650000 -0.160000 1 1 
522 0.650000 -0.160000 1 1 
523 0.650000 -0.160000 1 1 
524 0.650000 -0.160000 1 1 
525 0.650000 -0.160000 1 1 
526 0.650000 -0.160000 1 1 
527 0.650000 -0.160000 1 1 
528 0.650000 -0.160000 1 1 
529 0.650000 -0.160000 1 1 
530 0.650000 -0.160000 1 1 
531 0.650000 -0.160000 1 1 
532 0.650000 -0.160000 1 1 
533 0.650000 -0.160000 1 1 
534 0.650000 -0.160000 1 1 
535 0.650000 -0.160000 1 1 
536 0.650000 -0.160000 1 1 
537 0.650000 -0.160000 1 1 
538 0.650000 -0.160000 1 1 
539 0.650000 -0.160000 1 1 
540 0.650000 -0.160000 1 1 
541 0.650000 -0.160000 1 1 
542 0.650000 -0.160000 1 1 
543 0.650000 -0.160000 1 1 
544 0.650000 -0.160000 1 1 
545 0.650000 -0.160000 1 1 
546 0.650000 -0.160000 1 1 
547 0.650000 -0.160000 1 1 
548 0.650000 -0.160000 1 1 
549 0.650000 -0.160000 1 1 
550 0.650000 -0.160000 1 1 
551 0.650000 -0.160000 1 1 
552 1.000000 -0.160000 0 1 
553 1.000000 -0.160000 0 1 
554 1.000000 -0.160000 0 1 
555 1.000000 -0.160000 0 1 
556 1.000000 -0.160000 0 1 
557 1.000000 -0.160000 0 1 
558 1.000000 -0.160000 0 1 
559 1.000000 -0.160000 0 1 
560 1.000000 -0.160000 0 1 
561 1.000000 -0.160000 0 1 
562 1.000000 -0.160000 0 1 
563 1.000000 -0.160000 0 1 
564 1.000000 -0.160000 0 1 
565 1.000000 -0.160000 0 1 
566 1.000000 -0.160000 0 1 
567 1.000000 -0.160000 0 1 
568 1.000000 -0.160000 0 1 
569 1.000000 -0.160000 0 1 
570 1.000000 -0.160000 0 1 
571 1.000000 -0.160000 0 1 
572 1.000000 -0.160000 0 1 
573 1.000000 -0.160000 0 1 
574 1.000000 -0.160000 0 1 
575 1.000000 -0.160000 0 1 
576 1.000000 -0.160000 0 1 
577 1.000000 -0.160000 0 1 
578 1.000000 -0.160000 0 1 
579 1.000000 -0.160000 0 1 
580 1.000000 -0.160000 0 1 
581 1.000000 -0.160000 0 1 
582 1.000000 -0.160000 0 1 
583 1.000000 -0.160000 0 1 
584 1.000000 -0.160000 0 1 
585 1.000000 -0.160000 0 1 
586 1.000000 -0.160000 0 1 
587 1.000000 -0.160000 0 1 
588 1.000000 -0.160000 0 1 
589 1.000000 -0.160000 0 1 
590 1.000000 -0.160000 0 1 
591 1.000000 -0.160000 0 1 
592 1.000000 -0.160000 0 1 
593 1.000000 -0.160000 0 1 
594 1.000000 -0.160000 0 1 
595 1.000000 -0.160000 0 1 
596 1.000000 -0.160000 0 1 
597 1.000000 -0.160000 0 1 
598 1.000000 -0.160000 0 1 
599 1.000000 -0.160000 0 1 
600 1.000000 -0.160000 0 1 
601 1.000000 -0.160000 0 1 
602 1.000000 -0.160000 0 1 
603 1.000000 -0.160000 0 1 
604 1.000000 -0.160000 0 1 
605 1.000000 -0.168000 0 1 
606 1.000000 -0.182400 0 1 
607 1.000000 -0.201920 0 1 
608 1.000000 -0.225536 0 1 
609 1.000000 -0.252429 0 1 
610 1.000000 -0.281943 0 1 
611 1.000000 -0.313554 0 1 
612 1.000000 -0.346843 0 1 
613 1.000000 -0.381475 0 1 
614 1.000000 -0.417180 0 1 
615 1.000000 -0.453744 0 1 
616 1.000000 -0.490995 0 1 
617 1.000000 -0.528796 0 1 
618 1.000000 -0.567037 0 1 
619 1.000000 -0.605629 0 1 
620 1.000000 -0.644504 0 1 
621 1.000000 -0.683603 0 1 
622 1.000000 -0.722882 0 1 
623 1.000000 -0.762306 0 1 
624 1.000000 -0.801845 0 1 
625 1.000000 -0.841476 0 1 
626 1.000000 -0.881181 0 1 
627 1.000000 -0.920944 0 1 
628 1.000000 -0.960755 0 1 
629 1.000000 -1.000604 0 1 
630 1.000000 -1.040483 0 1 
631 1.000000 -1.080387 0 1 
632 1.000000 -1.120309 0 1 
633 1.000000 -1.160247 0 1 
634 1.000000 -1.200198 0 1 
635 1.000000 -1.240158 0 1 
636 1.000000 -1.280127 0 1 
637 1.000000 -1.320101 0 1 
638 1.000000 -1.360081 0 1 
639 1.000000 -1.400065 0 1 
640 1.000000 -1.440052 0 1 
641 1.000000 -1.480041 0 1 
642 1.000000 -1.520033 0 1 
643 1.000000 -1.560026 0 1 
644 1.000000 -1.600021 0 1 
645 1.000000 -1.640017 0 1 
646 1.000000 -1.680014 0 1 
647 1.000000 -1.720011 0 1 
648 1.000000 -1.760009 0 1 
649 1.000000 -1.800007 0 1 
650 1.000000 -1.840006 0 1 
651 1.000000 -1.880004 0 1 
652 1.000000 -1.920004 0 1 
653 1.000000 -1.960003 0 1 
654 1.000000 -2.000002 0 1 
655 1.000000 -2.040002 0 1 
656 1.000000 -2.080001 0 1 
657 1.000000 -2.120001 0 1 
658 1.000000 -2.160001 0 1 
659 1.000000 -2.200001 0 1 
660 1.000000 -2.240000 0 1 
661 1.000000 -2.280000 0 1 
662 1.000000 -2.320000 0 1 
663 1.000000 -2.360000 0 1 
664 1.000000 -2.400000 0 1 
665 1.000000 -2.440000 0 1 
666 1.000000 -2.480000 0 1 
667 1.000000 -2.520000 0 1 
668 1.000000 -2.560000 0 1 
669 1.000000 -2.600000 0 1 
670 1.000000 -2.640000 0 1 
671 1.000000 -2.680000 0 1 
672 1.000000 -2.720000 0 1 
673 1.000000 -2.760000 0 1 
674 1.000000 -2.800000 0 1 
675 1.000000 -2.840000 0 1 
676 1.000000 -2.880000 0 1 
677 1.000000 -2.920000 0 1 
678 1.000000 -2.960000 0 1 
679 1.000000 -3.000000 0 1 
680 1.000000 -3.039999 0 1 
681 1.000000 -3.079999 0 1 
682 1.000000 -3.119999 0 1 
683 1.000000 3.123186 0 1 
684 1.000000 3.083186 0 1 
685 1.000000 3.043186 0 1 
686 1.000000 3.003186 0 1 
687 1.000000 2.963186 0 1 
688 1.000000 2.923186 0 1 
689 1.000000 2.883186 0 1 
690 1.000000 2.843186 0 1 
691 1.000000 2.803186 0 1 
692 1.000000 2.763186 0 1 
693 1.000000 2.723186 0 1 
694 1.000000 2.683187 0 1 
695 1.000000 2.643187 0 1 
696 1.000000 2.611187 0 1 
697 1.000000 2.585587 0 1 
698 1.000000 2.565107 0 1 
699 1.000000 2.548723 0 1 
700 1.000000 2.535615 0 1 
701 1.000000 2.525130 0 1 
702 1.000000 2.516741 0 1 
703 1.000000 2.518030 0 1 
704 1.000000 2.527062 0 1 
705 1.000000 2.542287 0 1 
706 1.000000 2.562467 0 1 
707 1.000000 2.586611 0 1 
708 1.000000 2.613926 0 1 
709 1.000000 2.643778 0 1 
710 1.000000 2.675660 0 1 
711 1.000000 2.709165 0 1 
712 1.000000 2.743969 0 1 
713 1.000000 2.779813 0 1 
714 1.000000 2.816488 0 1 
715 1.000000 2.853827 0 1 
716 1.000000 2.891699 0 1 
717 1.000000 2.929997 0 1 
718 1.000000 2.968635 0 1 
719 1.000000 3.007545 0 1 
720 1.000000 3.046673 0 1 
721 1.000000 3.085976 0 1 
722 1.000000 3.125418 0 1 
723 1.000000 -3.118214 0 1 
724 1.000000 -3.078571 0 1 
725 1.000000 -3.038857 0 1 
726 1.000000 -2.999085 0 1 
727 1.000000 -2.959268 0 1 
728 1.000000 -2.919414 0 1 
729 1.000000 -2.879531 0 1 
730 1.000000 -2.839625 0 1 
731 1.000000 -2.799700 0 1 
732 1.000000 -2.759759 0 1 
733 1.000000 -2.719807 0 1 
734 1.000000 -2.679846 0 1 
735 1.000000 -2.639876 0 1 
736 1.000000 -2.599901 0 1 
737 1.000000 -2.559921 0 1 
738 1.000000 -2.519936 0 1 
739 1.000000 -2.479949 0 1 
740 1.000000 -2.439959 0 1 
741 1.000000 -2.399967 0 1 
742 1.000000 -2.359974 0 1 
743 1.000000 -2.319979 0 1 
744 1.000000 -2.279983 0 1 
745 1.000000 -2.239986 0 1 
746 1.000000 -2.199989 0 1 
747 1.000000 -2.159991 0 1 
748 1.000000 -2.119993 0 1 
749 1.000000 -2.079994 0 1 
750 1.000000 -2.039995 0 1 
751 1.000000 -1.999996 0 1 
752 1.000000 -1.959997 0 1 
753 1.000000 -1.919997 0 1 
754 1.000000 -1.879998 0 1 
755 1.000000 -1.839998 0 1 
756 1.000000 -1.799998 0 1 
757 1.000000 -1.759999 0 1 
758 1.000000 -1.719999 0 1 
759 1.000000 -1.679999 0 1 
760 1.000000 -1.639999 0 1 
761 1.000000 -1.599999 0 1 
762 1.000000 -1.559999 0 1 
763 1.000000 -1.519999 0 1 
764 1.000000 -1.479999 0 1 
765 1.000000 -1.439999 0 1 
766 1.000000 -1.399999 0 1 
767 1.000000 -1.359999 0 1 
768 1.000000 -1.319999 0 1 
769 1.000000 -1.279999 0 1 
770 1.000000 -1.239999 0 1 
771 1.000000 -1.199999 0 1 
772 1.000000 -1.159999 0 1 
773 1.000000 -1.120000 0 1 
774 1.000000 -1.080000 0 1 
775 1.000000 -1.040000 0 1 
776 1.000000 -1.000000 0 1 
777 1.000000 -0.960000 0 1 
778 1.000000 -0.920000 0 1 
779 1.000000 -0.880000 0 1 
780 1.000000 -0.840000 0 1 
781 1.000000 -0.800000 0 1 
782 1.000000 -0.760000 0 1 
783 1.000000 -0.720000 0 1 
784 1.000000 -0.680000 0 1 
785 1.000000 -0.640000 0 1 
786 1.000000 -0.600000 0 1 
787 1.000000 -0.560000 0 1 
788 1.000000 -0.520000 0 1 
789 1.000000 -0.480000 0 1 
790 1.000000 -0.440000 0 1 
791 1.000000 -0.400000 0 1 
792 1.000000 -0.360000 0 1 
793 1.000000 -0.320000 0 1 
794 1.000000 -0.280000 0 1 
795 1.000000 -0.240000 0 1 
796 1.000000 -0.200000 0 1 
797 1.000000 -0.160000 0 1 
798 1.000000 -0.120000 0 1 
799 1.000000 -0.080000 0 1 
800 1.000000 -0.040000 0 1 
801 1.000000 -0.000000 0 1 
802 1.000000 0.040000 0 1 
803 1.000000 0.080000 0 1 
804 1.000000 0.120000 0 1 
805 1.000000 0.160000 0 1 
806 1.000000 0.200000 0 1 
807 1.000000 0.240000 0 1 
808 1.000000 0.280000 0 1 
809 1.000000 0.320000 0 1 
810 1.000000 0.360000 0 1 
811 1.000000 0.400000 0 1 
812 1.000000 0.440000 0 1 
813 1.000000 0.480000 0 1 
814 1.000000 0.520000 0 1 
815 1.000000 0.560000 0 1 
816 1.000000 0.600000 0 1 
817 1.000000 0.640000 0 1 
818 1.000000 0.679999 0 1 
819 1.000000 0.719999 0 1 
820 1.000000 0.759999 0 1 
821 1.000000 0.799999 0 1 
822 1.000000 0.839999 0 1 
823 1.000000 0.879999 0 1 
824 1.000000 0.919999 0 1 
825 1.000000 0.959999 0 1 
826 1.000000 0.999999 0 1 
827 1.000000 1.039999 0 1 
828 1.000000 1.079999 0 1 
829 1.000000 1.119999 0 1 
830 1.000000 1.159999 0 1 
831 1.000000 1.199999 0 1 
832 1.000000 1.239999 0 1 
833 1.000000 1.279999 0 1 
834 1.000000 1.319999 0 1 
835 1.000000 1.359999 0 1 
836 1.000000 1.399999 0 1 
837 1.000000 1.439999 0 1 
838 1.000000 1.479999 0 1 
839 1.000000 1.519999 0 1 
840 1.000000 1.551999 0 1 
841 1.000000 1.577599 0 1 
842 1.000000 1.598079 0 1 
843 1.000000 1.614463 0 1 
844 1.000000 1.627570 0 1 
845 1.000000 1.638056 0 1 
846 1.000000 1.646444 0 1 
847 1.000000 1.653155 0 1 
848 1.000000 1.658524 0 1 
849 1.000000 1.662819 0 1 
850 1.000000 1.666255 0 1 
851 1.000000 1.669003 0 1 
852 1.000000 1.671203 0 1 
853 1.000000 1.672962 0 1 
854 1.000000 1.674369 0 1 
855 1.000000 1.675495 0 1 
856 1.000000 1.676396 0 1 
857 1.000000 1.677116 0 1 
858 1.000000 1.677693 0 1 
859 1.000000 1.678154 0 1 
860 1.000000 1.678523 0 1 
861 1.000000 1.678818 0 1 
862 1.000000 1.679054 0 1 
863 1.000000 1.687243 0 1 
864 1.000000 1.701794 0 1 
865 1.000000 1.721435 0 1 
866 1.000000 1.745148 0 1 
867 1.000000 1.772118 0 1 
868 1.000000 1.801694 0 1 
869 1.000000 1.833355 0 1 
870 1.000000 1.866684 0 1 
871 1.000000 1.901347 0 1 
872 1.000000 1.937077 0 1 
873 1.000000 1.973662 0 1 
874 1.000000 2.010929 0 1 
875 1.000000 2.048743 0 1 
876 1.000000 2.086994 0 1 
877 1.000000 2.125595 0 1 
878 1.000000 2.164476 0 1 
879 1.000000 2.203581 0 1 
880 1.000000 2.242864 0 1 
881 1.000000 2.282291 0 1 
882 1.000000 2.321833 0 1 
883 1.000000 2.361466 0 1 
884 1.000000 2.401173 0 1 
885 1.000000 2.440938 0 1 
886 1.000000 2.480751 0 1 
887 1.000000 2.520600 0 1 
888 1.000000 2.560480 0 1 
889 1.000000 2.600384 0 1 
890 1.000000 2.632307 0 1 
891 1.000000 2.657845 0 1 
892 1.000000 2.678276 0 1 
893 1.000000 2.694621 0 1 
894 1.000000 2.707696 0 1 
895 1.000000 2.718157 0 1 
896 1.000000 2.726526 0 1 
897 1.000000 2.733220 0 1 
898 1.000000 2.738576 0 1 
899 1.000000 2.742861 0 1 
900 1.000000 2.746289 0 1 
901 1.000000 2.749031 0 1 
902 1.000000 2.751225 0 1 
903 1.000000 2.752980 0 1 
904 1.000000 2.754384 0 1 
905 1.000000 2.755507 0 1 
906 1.000000 2.756405 0 1 
907 1.000000 2.757124 0 1 
908 1.000000 2.757699 0 1 
909 1.000000 2.758159 0 1 
910 1.000000 2.758528 0 1 
911 1.000000 2.758822 0 1 
912 1.000000 2.759058 0 1 
913 1.000000 2.759246 0 1 
914 1.000000 2.759397 0 1 
915 1.000000 2.759517 0 1 
916 1.000000 2.759614 0 1 
917 1.000000 2.759691 0 1 
918 1.000000 2.759753 0 1 
919 1.000000 2.759802 0 1 
920 1.000000 2.759842 0 1 
921 1.000000 2.759873 0 1 
922 1.000000 2.759899 0 1 
923 1.000000 2.759919 0 1 
924 1.000000 2.759935 0 1 
925 1.000000 2.759948 0 1 
926 1.000000 2.759958 0 1 
927 1.000000 2.759967 0 1 
928 1.000000 2.759973 0 1 
929 1.000000 2.759979 0 1 
930 1.000000 2.759983 0 1 
931 1.000000 2.759986 0 1 
932 1.000000 2.767989 0 1 
933 1.000000 2.782391 0 1 
934 1.000000 2.801913 0 1 
935 1.000000 2.825530 0 1 
936 1.000000 2.852424 0 1 
937 1.000000 2.881939 0 1 
938 1.000000 2.913551 0 1 
939 1.000000 2.946841 0 1 
940 1.000000 2.981473 0 1 
941 1.000000 3.017178 0 1 
942 1.000000 3.053742 0 1 
943 1.000000 3.090994 0 1 
944 1.000000 3.128795 0 1 
945 1.000000 -3.116149 0 1 
946 1.000000 -3.077557 0 1 
947 1.000000 -3.038682 0 1 
948 1.000000 -2.999583 0 1 
949 1.000000 -2.960304 0 1 
950 1.000000 -2.920880 0 1 
951 1.000000 -2.881341 0 1 
952 1.000000 -2.841710 0 1 
953 1.000000 -2.802005 0 1 
954 1.000000 -2.762241 0 1 
955 1.000000 -2.722430 0 1 
956 1.000000 -2.682581 0 1 
957 1.000000 -2.642702 0 1 
958 1.000000 -2.610799 0 1 
959 1.000000 -2.585276 0 1 
960 1.000000 -2.564858 0 1 
961 1.000000 -2.548523 0 1 
962 1.000000 -2.535456 0 1 
963 1.000000 -2.525002 0 1 
964 1.000000 -2.516639 0 1 
965 1.000000 -2.509948 0 1 
966 1.000000 -2.504596 0 1 
967 1.000000 -2.500314 0 1 
968 1.000000 -2.496888 0 1 
969 1.000000 -2.494148 0 1 
970 1.000000 -2.491955 0 1 
971 1.000000 -2.490201 0 1 
972 1.000000 -2.488798 0 1 
973 1.000000 -2.487676 0 1 
974 1.000000 -2.486778 0 1 
975 1.000000 -2.486060 0 1 
976 1.000000 -2.485485 0 1 
977 1.000000 -2.485025 0 1 
978 1.000000 -2.484657 0 1 
979 1.000000 -2.484363 0 1 
980 1.000000 -2.484128 0 1 
981 1.000000 -2.483939 0 1 
982 1.000000 -2.483789 0 1 
983 1.000000 -2.483668 0 1 
984 1.000000 -2.483572 0 1 
985 1.000000 -2.483495 0 1 
986 1.000000 -2.491433 0 1 
987 1.000000 -2.505784 0 1 
988 1.000000 -2.525264 0 1 
989 1.000000 -2.548848 0 1 
990 1.000000 -2.575716 0 1 
991 1.000000 -2.605210 0 1 
992 1.000000 -2.636805 0 1 
993 1.000000 -2.670081 0 1 
994 1.000000 -2.704702 0 1 
995 1.000000 -2.740399 0 1 
996 1.000000 -2.776957 0 1 
997 1.000000 -2.814203 0 1 
998 1.000000 -2.851999 0 1 
999 1.000000 -2.890237 0 1 
1000 1.000000 -2.928827 0 1 
1001 1.000000 -2.967699 0 1 
1002 1.000000 -3.006796 0 1 
1003 1.000000 -3.046074 0 1 
1004 1.000000 -3.085497 0 1 
1005 1.000000 -3.125035 0 1 
1006 1.000000 3.118520 0 1 
1007 1.000000 3.078816 0 1 
1008 1.000000 3.039053 0 1 
1009 1.000000 2.999242 0 1 
1010 1.000000 2.959394 0 1 
1011 1.000000 2.919515 0 1 
1012 1.000000 2.879611 0 1 
1013 1.000000 2.839689 0 1 
1014 1.000000 2.799751 0 1 
1015 1.000000 2.759801 0 1 
1016 1.000000 2.719840 0 1 
1017 1.000000 2.679872 0 1 
1018 1.000000 2.639897 0 1 
1019 1.000000 2.599918 0 1 
1020 1.000000 2.559934 0 1 
1021 1.000000 2.519947 0 1 
1022 1.000000 2.479957 0 1 
1023 1.000000 2.439965 0 1 
1024 1.000000 2.407972 0 1 
1025 1.000000 2.382377 0 1 
1026 1.000000 2.361902 0 1 
1027 1.000000 2.345521 0 1 
1028 1.000000 2.332417 0 1 
1029 1.000000 2.321933 0 1 
1030 1.000000 2.321546 0 1 
1031 1.000000 2.329237 0 1 
1032 1.000000 2.343389 0 1 
1033 1.000000 2.362711 0 1 
1034 1.000000 2.386168 0 1 
1035 1.000000 2.412935 0 1 
1036 1.000000 2.442347 0 1 
1037 1.000000 2.473877 0 1 
1038 1.000000 2.507102 0 1 
1039 1.000000 2.541681 0 1 
1040 1.000000 2.577344 0 1 
1041 1.000000 2.613875 0 1 
1042 1.000000 2.651100 0 1 
1043 1.000000 2.688879 0 1 
1044 1.000000 2.727103 0 1 
1045 1.000000 2.765682 0 1 
1046 1.000000 2.804545 0 1 
1047 1.000000 2.843636 0 1 
1048 1.000000 2.882909 0 1 
1049 1.000000 2.922327 0 1 
1050 1.000000 2.961861 0 1 
1051 1.000000 3.001488 0 1 
1052 1.000000 3.041190 0 1 
1053 1.000000 3.080952 0 1 
1054 1.000000 3.120761 0 1 
1055 1.000000 -3.122577 0 1 
1056 1.000000 -3.082699 0 1 
1057 1.000000 -3.042797 0 1 
1058 1.000000 -3.002875 0 1 
1059 1.000000 -2.962937 0 1 
1060 1.000000 -2.922987 0 1 
1061 1.000000 -2.883028 0 1 
1062 1.000000 -2.843060 0 1 
1063 1.000000 -2.803085 0 1 
1064 1.000000 -2.763106 0 1 
1065 1.000000 -2.723122 0 1 
1066 1.000000 -2.683135 0 1 
1067 1.000000 -2.643146 0 1 
1068 1.000000 -2.603154 0 1 
1069 1.000000 -2.563161 0 1 
1070 1.000000 -2.523166 0 1 
1071 1.000000 -2.483171 0 1 
1072 1.000000 -2.443174 0 1 
1073 1.000000 -2.403177 0 1 
1074 1.000000 -2.363179 0 1 
1075 1.000000 -2.331181 0 1 
1076 1.000000 -2.305582 0 1 
1077 1.000000 -2.285103 0 1 
1078 1.000000 -2.268720 0 1 
1079 1.000000 -2.255613 0 1 
1080 1.000000 -2.245128 0 1 
1081 1.000000 -2.236740 0 1 
1082 1.000000 -2.230030 0 1 
1083 1.000000 -2.224661 0 1 
1084 1.000000 -2.220366 0 1 
1085 1.000000 -2.216931 0 1 
1086 1.000000 -2.214182 0 1 
1087 1.000000 -2.211983 0 1 
1088 1.000000 -2.210224 0 1 
1089 1.000000 -2.208817 0 1 
1090 1.000000 -2.207691 0 1 
1091 1.000000 -2.206790 0 1 
1092 1.000000 -2.206069 0 1 
1093 1.000000 -2.205493 0 1 
1094 1.000000 -2.205032 0 1 
1095 1.000000 -2.204663 0 1 
1096 1.000000 -2.204368 0 1 
1097 1.000000 -2.204132 0 1 
1098 1.000000 -2.203943 0 1 
1099 1.000000 -2.203792 0 1 
1100 1.000000 -2.203671 0 1 
1101 1.000000 -2.203574 0 1 
1102 1.000000 -2.203497 0 1 
1103 1.000000 -2.203435 0 1 
1104 1.000000 -2.203385 0 1 
1105 1.000000 -2.203346 0 1 
1106 1.000000 -2.203314 0 1 
1107 1.000000 -2.203289 0 1 
1108 1.000000 -2.203268 0 1 
1109 1.000000 -2.203252 0 1 
1110 1.000000 -2.203239 0 1 
1111 1.000000 -2.203229 0 1 
1112 1.000000 -2.211221 0 1 
1113 1.000000 -2.225614 0 1 
1114 1.000000 -2.245129 0 1 
1115 1.000000 -2.268740 0 1 
1116 1.000000 -2.295630 0 1 
1117 1.000000 -2.325141 0 1 
1118 1.000000 -2.356750 0 1 
1119 1.000000 -2.390038 0 1 
1120 1.000000 -2.424668 0 1 
1121 1.000000 -2.460371 0 1 
1122 1.000000 -2.496935 0 1 
1123 1.000000 -2.534185 0 1 
1124 1.000000 -2.571985 0 1 
1125 1.000000 -2.610226 0 1 
1126 1.000000 -2.648818 0 1 
1127 1.000000 -2.687692 0 1 
1128 1.000000 -2.726791 0 1 
1129 1.000000 -2.766070 0 1 
1130 1.000000 -2.805494 0 1 
1131 1.000000 -2.845032 0 1 
1132 1.000000 -2.884663 0 1 
1133 1.000000 -2.924368 0 1 
1134 1.000000 -2.964132 0 1 
1135 1.000000 -3.003943 0 1 
1136 1.000000 -3.043792 0 1 
1137 1.000000 -3.083671 0 1 
1138 1.000000 -3.123574 0 1 
1139 1.000000 3.119689 0 1 
1140 1.000000 3.079751 0 1 
1141 1.000000 3.039800 0 1 
1142 1.000000 2.999840 0 1 
1143 1.000000 2.959872 0 1 
1144 1.000000 2.919897 0 1 
1145 1.000000 2.879917 0 1 
1146 1.000000 2.839933 0 1 
1147 1.000000 2.799946 0 1 
1148 1.000000 2.767957 0 1 
1149 1.000000 2.742365 0 1 
1150 1.000000 2.721892 0 1 
1151 1.000000 2.705513 0 1 
1152 1.000000 2.692410 0 1 
1153 1.000000 2.681928 0 1 
1154 1.000000 2.673542 0 1 
1155 1.000000 2.666833 0 1 
1156 1.000000 2.661466 0 1 
1157 1.000000 2.649173 0 1 
1158 1.000000 2.631338 0 1 
1159 1.000000 2.609070 0 1 
1160 1.000000 2.583256 0 1 
1161 1.000000 2.554604 0 1 
1162 1.000000 2.523683 0 1 
1163 1.000000 2.490946 0 1 
1164 1.000000 2.456757 0 1 
1165 1.000000 2.421405 0 1 
1166 1.000000 2.385123 0 1 
1167 1.000000 2.348099 0 1 
1168 1.000000 2.310478 0 1 
1169 1.000000 2.272382 0 1 
1170 1.000000 2.233906 0 1 
1171 1.000000 2.195124 0 1 
1172 1.000000 2.156099 0 1 
1173 1.000000 2.116879 0 1 
1174 1.000000 2.077503 0 1 
1175 1.000000 2.038002 0 1 
1176 1.000000 1.998402 0 1 
1177 1.000000 1.958721 0 1 
1178 1.000000 1.918976 0 1 
1179 1.000000 1.879181 0 1 
1180 1.000000 1.839345 0 1 
1181 1.000000 1.799475 0 1 
1182 1.000000 1.767580 0 1 
1183 1.000000 1.750064 0 1 
1184 1.000000 1.744051 0 1 
1185 1.000000 1.747240 0 1 
1186 1.000000 1.757792 0 1 
1187 1.000000 1.774233 0 1 
1188 1.000000 1.795386 0 1 
1189 1.000000 1.820309 0 1 
1190 1.000000 1.848247 0 1 
1191 1.000000 1.878597 0 1 
1192 1.000000 1.910878 0 1 
1193 1.000000 1.944702 0 1 
1194 1.000000 1.979761 0 1 
1195 1.000000 2.015809 0 1 
1196 1.000000 2.052647 0 1 
1197 1.000000 2.090117 0 1 
1198 1.000000 2.128093 0 1 
1199 1.000000 2.166474 0 1 
1200 1.000000 2.205179 0 1 
1201 1.000000 2.244143 0 1 
1202 1.000000 2.275314 0 1 
1203 1.000000 2.300251 0 1 
1204 1.000000 2.312201 0 1 
1205 1.000000 2.313760 0 1 
1206 1.000000 2.307008 0 1 
1207 1.000000 2.293606 0 1 
1208 1.000000 2.274884 0 1 
1209 1.000000 2.251907 0 1 
1210 1.000000 2.225526 0 1 
1211 1.000000 2.196420 0 1 
1212 1.000000 2.165136 0 1 
1213 1.000000 2.132108 0 1 
1214 1.000000 2.097687 0 1 
1215 1.000000 2.062149 0 1 
1216 1.000000 2.025719 0 1 
1217 1.000000 1.988575 0 1 
1218 1.000000 1.950860 0 1 
1219 1.000000 1.912687 0 1 
1220 1.000000 1.874150 0 1 
1221 1.000000 1.835320 0 1 
1222 1.000000 1.796255 0 1 
1223 1.000000 1.757004 0 1 
1224 1.000000 1.717603 0 1 
1225 1.000000 1.678082 0 1 
1226 1.000000 1.638465 0 1 
1227 1.000000 1.598772 0 1 
1228 1.000000 1.559017 0 1 
1229 1.000000 1.519214 0 1 
1230 1.000000 1.479371 0 1 
1231 1.000000 1.439496 0 1 
1232 1.000000 1.399597 0 1 
1233 1.000000 1.359677 0 1 
1234 1.000000 1.319741 0 1 
1235 1.000000 1.279793 0 1 
1236 1.000000 1.239834 0 1 
1237 1.000000 1.199867 0 1 
1238 1.000000 1.159893 0 1 
1239 1.000000 1.119914 0 1 
1240 1.000000 1.079931 0 1 
1241 1.000000 1.039945 0 1 
1242 1.000000 0.999956 0 1 
1243 1.000000 0.959964 0 1 
1244 1.000000 0.919971 0 1 
1245 1.000000 0.887977 0 1 
1246 1.000000 0.870381 0 1 
1247 1.000000 0.864305 0 1 
1248 1.000000 0.867443 0 1 
1249 1.000000 0.877954 0 1 
1250 1.000000 0.894363 0 1 
1251 1.000000 0.915490 0 1 
1252 1.000000 0.940392 0 1 
1253 1.000000 0.968313 0 1 
1254 1.000000 0.998650 0 1 
1255 1.000000 1.030920 0 1 
1256 1.000000 1.064736 0 1 
1257 1.000000 1.099788 0 1 
1258 1.000000 1.135830 0 1 
1259 1.000000 1.172664 0 1 
1260 1.000000 1.210131 0 1 
1261 1.000000 1.248104 0 1 
1262 1.000000 1.286483 0 1 
1263 1.000000 1.325186 0 1 
1264 1.000000 1.364149 0 1 
1265 1.000000 1.403319 0 1 
1266 1.000000 1.442655 0 1 
1267 1.000000 1.474123 0 1 
1268 1.000000 1.499298 0 1 
1269 1.000000 1.519439 0 1 
1270 1.000000 1.535550 0 1 
1271 1.000000 1.548440 0 1 
1272 1.000000 1.558752 0 1 
1273 1.000000 1.567001 0 1 
1274 1.000000 1.565601 0 1 
1275 1.000000 1.556480 0 1 
1276 1.000000 1.541184 0 1 
1277 1.000000 1.520947 0 1 
1278 1.000000 1.496757 0 1 
1279 1.000000 1.469405 0 1 
1280 1.000000 1.439524 0 1 
1281 1.000000 1.407619 0 1 
1282 1.000000 1.374095 0 1 
1283 1.000000 1.339276 0 1 
1284 1.000000 1.303420 0 1 
1285 1.000000 1.266736 0 1 
1286 1.000000 1.229389 0 1 
1287 1.000000 1.191511 0 1 
1288 1.000000 1.153208 0 1 
1289 1.000000 1.114566 0 1 
1290 1.000000 1.075653 0 1 
1291 1.000000 1.036522 0 1 
1292 1.000000 0.997217 0 1 
1293 1.000000 0.957774 0 1 
1294 1.000000 0.918219 0 1 
1295 1.000000 0.878575 0 1 
1296 1.000000 0.838859 0 1 
1297 1.000000 0.799087 0 1 
1298 1.000000 0.759270 0 1 
1299 1.000000 0.719415 0 1 
1300 1.000000 0.679532 0 1 
1301 1.000000 0.639625 0 1 
1302 1.000000 0.599700 0 1 
1303 1.000000 0.559760 0 1 
1304 1.000000 0.519808 0 1 
1305 1.000000 0.479846 0 1 
1306 1.000000 0.439876 0 1 
1307 1.000000 0.399901 0 1 
1308 1.000000 0.359921 0 1 
1309 1.000000 0.319936 0 1 
1310 1.000000 0.279949 0 1 
1311 1.000000 0.239959 0 1 
1312 1.000000 0.199967 0 1 
1313 1.000000 0.159973 0 1 
1314 1.000000 0.119978 0 1 
1315 1.000000 0.079982 0 1 
1316 1.000000 0.039986 0 1 
1317 1.000000 -0.000012 0 1 
1318 1.000000 -0.040010 0 1 
1319 1.000000 -0.080008 0 1 
1320 1.000000 -0.120006 0 1 
1321 1.000000 -0.160005 0 1 
1322 1.000000 -0.200005 0 1 
1323 1.000000 -0.240004 0 1 
1324 1.000000 -0.280003 0 1 
1325 1.000000 -0.320003 0 1 
1326 1.000000 -0.360002 0 1 
1327 1.000000 -0.400002 0 1 
1328 1.000000 -0.440002 0 1 
1329 1.000000 -0.480002 0 1 
1330 1.000000 -0.520002 0 1 
1331 1.000000 -0.560002 0 1 
1332 1.000000 -0.600001 0 1 
1333 1.000000 -0.640001 0 1 
1334 1.000000 -0.680001 0 1 
1335 1.000000 -0.720001 0 1 
1336 1.000000 -0.760001 0 1 
1337 1.000000 -0.800001 0 1 
1338 1.000000 -0.840001 0 1 
1339 1.000000 -0.880001 0 1 
1340 1.000000 -0.920001 0 1 
1341 1.000000 -0.960001 0 1 
1342 1.000000 -1.000001 0 1 
1343 1.000000 -1.040001 0 1 
1344 1.000000 -1.080001 0 1 
1345 1.000000 -1.120001 0 1 
1346 1.000000 -1.152001 0 1 
1347 1.000000 -1.177601 0 1 
1348 1.000000 -1.198081 0 1 
1349 1.000000 -1.214465 0 1 
1350 1.000000 -1.227572 0 1 
1351 1.000000 -1.238058 0 1 
1352 1.000000 -1.246446 0 1 
1353 1.000000 -1.245157 0 1 
1354 1.000000 -1.236126 0 1 
1355 1.000000 -1.220901 0 1 
1356 1.000000 -1.200721 0 1 
1357 1.000000 -1.176577 0 1 
1358 1.000000 -1.149262 0 1 
1359 1.000000 -1.119410 0 1 
1360 1.000000 -1.087528 0 1 
1361 1.000000 -1.054022 0 1 
1362 1.000000 -1.019218 0 1 
1363 1.000000 -0.983375 0 1 
1364 1.000000 -0.946700 0 1 
1365 1.000000 -0.909360 0 1 
1366 1.000000 -0.871488 0 1 
1367 1.000000 -0.833191 0 1 
1368 1.000000 -0.794553 0 1 
1369 1.000000 -0.755642 0 1 
1370 1.000000 -0.716514 0 1 
1371 1.000000 -0.677211 0 1 
1372 1.000000 -0.637769 0 1 
1373 1.000000 -0.598216 0 1 
1374 1.000000 -0.558573 0 1 
1375 1.000000 -0.518858 0 1 
1376 1.000000 -0.479087 0 1 
1377 1.000000 -0.439270 0 1 
1378 1.000000 -0.399416 0 1 
1379 1.000000 -0.359533 0 1 
1380 1.000000 -0.319627 0 1 
1381 1.000000 -0.279701 0 1 
1382 1.000000 -0.239761 0 1 
1383 1.000000 -0.199809 0 1 
1384 1.000000 -0.159848 0 1 
1385 1.000000 -0.119878 0 1 
1386 1.000000 -0.079903 0 1 
1387 1.000000 -0.039922 0 1 
1388 1.000000 0.000062 0 1 
1389 1.000000 0.040049 0 1 
1390 1.000000 0.080039 0 1 
1391 1.000000 0.120031 0 1 
1392 1.000000 0.160025 0 1 
1393 1.000000 0.200020 0 1 
1394 1.000000 0.240016 0 1 
1395 1.000000 0.280012 0 1 
1396 1.000000 0.320010 0 1 
1397 1.000000 0.360007 0 1 
1398 1.000000 0.400006 0 1 
1399 1.000000 0.440004 0 1 
1400 1.000000 0.480003 0 1 
1401 1.000000 0.520002 0 1 
1402 1.000000 0.560002 0 1 
1403 1.000000 0.600001 0 1 
1404 1.000000 0.640001 0 1 
1405 1.000000 0.680000 0 1 
1406 1.000000 0.720000 0 1 
1407 1.000000 0.760000 0 1 
1408 1.000000 0.800000 0 1 
1409 1.000000 0.840000 0 1 
1410 1.000000 0.880000 0 1 
1411 1.000000 0.919999 0 1 
1412 1.000000 0.959999 0 1 
1413 1.000000 0.999999 0 1 
1414 1.000000 1.039999 0 1 
1415 1.000000 1.079999 0 1 
1416 1.000000 1.119999 0 1 
1417 1.000000 1.159999 0 1 
1418 1.000000 1.199999 0 1 
1419 1.000000 1.239999 0 1 
1420 1.000000 1.279999 0 1 
1421 1.000000 1.319999 0 1 
1422 1.000000 1.359999 0 1 
1423 1.000000 1.399999 0 1 
1424 1.000000 1.439999 0 1 
1425 1.000000 1.479999 0 1 
1426 1.000000 1.519999 0 1 
1427 1.000000 1.559999 0 1 
1428 1.000000 1.599999 0 1 
1429 1.000000 1.639999 0 1 
1430 1.000000 1.679999 0 1 
1431 1.000000 1.719999 0 1 
1432 1.000000 1.759999 0 1 
1433 1.000000 1.791999 0 1 
1434 1.000000 1.817598 0 1 
1435 1.000000 1.838078 0 1 
1436 1.000000 1.854463 0 1 
1437 1.000000 1.867570 0 1 
1438 1.000000 1.878055 0 1 
1439 1.000000 1.886444 0 1 
1440 1.000000 1.893155 0 1 
1441 1.000000 1.898524 0 1 
1442 1.000000 1.902819 0 1 
1443 1.000000 1.906255 0 1 
1444 1.000000 1.909003 0 1 
1445 1.000000 1.911202 0 1 
