1 1.025000 0.000000 0 1 
2 1.025000 0.000000 0 1 
3 1.025000 0.000000 0 1 
4 1.025000 0.000000 0 1 
5 1.025000 0.000000 0 1 
6 1.025000 0.000000 0 1 
7 1.025000 0.000000 0 1 
8 1.025000 0.000000 0 1 
9 1.025000 0.000000 0 1 
10 1.025000 0.000000 0 1 
11 1.025000 0.000000 0 1 
12 1.025000 0.000000 0 1 
13 1.025000 0.000000 0 1 
14 1.025000 0.000000 0 1 
15 1.025000 0.000000 0 1 
16 1.025000 0.000000 0 1 
17 1.025000 0.000000 0 1 
18 1.025000 0.000000 0 1 
19 1.025000 0.000000 0 1 
20 1.025000 0.000000 0 1 
21 1.025000 0.000000 0 1 
22 1.025000 0.000000 0 1 
23 1.025000 0.000000 0 1 
24 1.025000 0.000000 0 1 
25 1.025000 0.000000 0 1 
26 1.025000 0.000000 0 1 
27 1.025000 0.000000 0 1 
28 1.025000 0.000000 0 1 
29 1.025000 0.000000 0 1 
30 1.025000 0.000000 0 1 
31 1.025000 0.000000 0 1 
32 1.025000 0.000000 0 1 
33 1.025000 0.000000 0 1 
34 1.025000 0.000000 0 1 
35 1.025000 0.000000 0 1 
36 1.025000 0.000000 0 1 
37 1.025000 0.000000 0 1 
38 1.025000 0.000000 0 1 
39 1.025000 0.000000 0 1 
40 1.025000 0.000000 0 1 
41 1.025000 0.000000 0 1 
42 1.025000 0.000000 0 1 
43 1.025000 0.000000 0 1 
44 1.025000 0.000000 0 1 
45 1.025000 0.000000 0 1 
46 1.025000 0.000000 0 1 
47 1.025000 0.000000 0 1 
48 1.025000 0.000000 0 1 
49 1.025000 0.000000 0 1 
50 1.025000 0.000000 0 1 
51 1.025000 0.000000 0 1 
52 1.025000 0.000000 0 1 
53 1.025000 0.000000 0 1 
54 1.025000 0.000000 0 1 
55 1.025000 0.000000 0 1 
56 1.025000 0.000000 0 1 
57 1.025000 0.000000 0 1 
58 1.025000 0.000000 0 1 
59 1.025000 0.000000 0 1 
60 1.025000 0.000000 0 1 
61 1.025000 0.000000 0 1 
62 1.025000 0.000000 0 1 
63 1.025000 0.000000 0 1 
64 1.025000 0.000000 0 1 
65 1.025000 0.000000 0 1 
66 1.025000 0.008000 0 1 
67 1.025000 0.022400 0 1 
68 1.025000 0.041920 0 1 
69 1.025000 0.065536 0 1 
70 1.025000 0.092429 0 1 
71 1.025000 0.121943 0 1 
72 1.025000 0.153554 0 1 
73 1.025000 0.186844 0 1 
74 1.025000 0.221475 0 1 
75 1.025000 0.257180 0 1 
76 1.025000 0.293744 0 1 
77 1.025000 0.330995 0 1 
78 1.025000 0.368796 0 1 
79 1.025000 0.407037 0 1 
80 1.025000 0.445630 0 1 
81 1.025000 0.484504 0 1 
82 1.025000 0.523603 0 1 
83 1.025000 0.562882 0 1 
84 1.025000 0.602306 0 1 
85 1.025000 0.641845 0 1 
86 1.025000 0.681476 0 1 
87 1.025000 0.721181 0 1 
88 1.025000 0.752944 0 1 
89 1.025000 0.778356 0 1 
90 1.025000 0.798684 0 1 
91 1.025000 0.814948 0 1 
92 1.025000 0.827958 0 1 
93 1.025000 0.830366 0 1 
94 1.025000 0.824293 0 1 
95 1.025000 0.811435 0 1 
96 1.025000 0.793148 0 1 
97 1.025000 0.770518 0 1 
98 1.025000 0.744415 0 1 
99 1.025000 0.715532 0 1 
100 1.025000 0.684425 0 1 
101 1.025000 0.651540 0 1 
102 1.025000 0.617232 0 1 
103 1.025000 0.581786 0 1 
104 1.025000 0.545429 0 1 
105 1.025000 0.508343 0 1 
106 1.025000 0.470674 0 1 
107 1.025000 0.432540 0 1 
108 1.025000 0.394032 0 1 
109 1.025000 0.371225 0 1 
110 1.025000 0.360980 0 1 
111 1.025000 0.360784 0 1 
112 1.025000 0.368627 0 1 
113 1.025000 0.382902 0 1 
114 1.025000 0.402322 0 1 
115 1.025000 0.425857 0 1 
116 1.025000 0.452686 0 1 
117 1.025000 0.482149 0 1 
118 1.025000 0.513719 0 1 
119 1.025000 0.530975 0 1 
120 1.025000 0.536780 0 1 
121 1.025000 0.533424 0 1 
122 1.025000 0.522739 0 1 
123 1.025000 0.506191 0 1 
124 1.025000 0.484953 0 1 
125 1.025000 0.459963 0 1 
126 1.025000 0.431970 0 1 
127 1.025000 0.401576 0 1 
128 1.025000 0.369261 0 1 
129 1.025000 0.335409 0 1 
130 1.025000 0.300327 0 1 
131 1.025000 0.264262 0 1 
132 1.025000 0.227409 0 1 
133 1.025000 0.189927 0 1 
134 1.025000 0.151942 0 1 
135 1.025000 0.113554 0 1 
136 1.025000 0.074843 0 1 
137 1.025000 0.035874 0 1 
138 1.025000 -0.003300 0 1 
139 1.025000 -0.042640 0 1 
140 1.025000 -0.082112 0 1 
141 1.025000 -0.121690 0 1 
142 1.025000 -0.161352 0 1 
143 1.025000 -0.201081 0 1 
144 1.025000 -0.240865 0 1 
145 1.025000 -0.280692 0 1 
146 1.025000 -0.320554 0 1 
147 1.025000 -0.360443 0 1 
148 1.025000 -0.400354 0 1 
149 1.025000 -0.440283 0 1 
150 1.025000 -0.480227 0 1 
151 1.025000 -0.520181 0 1 
152 1.025000 -0.560145 0 1 
153 1.025000 -0.600116 0 1 
154 1.025000 -0.640093 0 1 
155 1.025000 -0.680074 0 1 
156 1.025000 -0.720059 0 1 
157 1.025000 -0.760047 0 1 
158 1.025000 -0.800038 0 1 
159 1.025000 -0.840030 0 1 
160 1.025000 -0.880024 0 1 
161 1.025000 -0.920019 0 1 
162 1.025000 -0.960015 0 1 
163 1.025000 -1.000012 0 1 
164 1.025000 -1.040010 0 1 
165 1.025000 -1.080008 0 1 
166 1.025000 -1.120006 0 1 
167 1.025000 -1.160005 0 1 
168 1.025000 -1.200004 0 1 
169 1.025000 -1.240003 0 1 
170 1.025000 -1.280002 0 1 
171 1.025000 -1.320002 0 1 
172 1.025000 -1.360002 0 1 
173 1.025000 -1.400001 0 1 
174 1.025000 -1.440001 0 1 
175 1.025000 -1.480001 0 1 
176 1.025000 -1.520001 0 1 
177 1.025000 -1.560000 0 1 
178 1.025000 -1.600000 0 1 
179 1.025000 -1.640000 0 1 
180 1.025000 -1.680000 0 1 
181 1.025000 -1.720000 0 1 
182 1.025000 -1.760000 0 1 
183 1.025000 -1.800000 0 1 
184 1.025000 -1.840000 0 1 
185 1.025000 -1.872000 0 1 
186 1.025000 -1.897600 0 1 
187 1.025000 -1.918080 0 1 
188 1.025000 -1.934464 0 1 
189 1.025000 -1.947571 0 1 
190 1.025000 -1.958057 0 1 
191 1.025000 -1.966446 0 1 
192 1.025000 -1.973156 0 1 
193 1.025000 -1.978525 0 1 
194 1.025000 -1.982820 0 1 
195 1.025000 -1.986256 0 1 
196 1.025000 -1.989005 0 1 
197 1.025000 -1.991204 0 1 
198 1.025000 -1.992963 0 1 
199 1.025000 -1.994370 0 1 
200 1.025000 -1.995496 0 1 
201 1.025000 -1.996397 0 1 
202 1.025000 -1.997118 0 1 
203 1.025000 -1.997694 0 1 
204 1.025000 -1.998155 0 1 
205 1.025000 -1.998524 0 1 
206 1.025000 -1.998820 0 1 
207 1.025000 -1.991056 0 1 
208 1.025000 -1.976845 0 1 
209 1.025000 -1.957476 0 1 
210 1.025000 -1.933981 0 1 
211 1.025000 -1.915185 0 1 
212 1.025000 -1.900148 0 1 
213 1.025000 -1.888118 0 1 
214 1.025000 -1.878495 0 1 
215 1.025000 -1.870796 0 1 
216 1.025000 -1.864637 0 1 
217 1.025000 -1.859709 0 1 
218 1.025000 -1.855768 0 1 
219 1.025000 -1.860614 0 1 
220 1.025000 -1.872491 0 1 
221 1.025000 -1.889993 0 1 
222 1.025000 -1.911995 0 1 
223 1.025000 -1.937596 0 1 
224 1.025000 -1.966077 0 1 
225 1.025000 -1.996861 0 1 
226 1.025000 -2.029489 0 1 
227 1.025000 -2.063591 0 1 
228 1.025000 -2.098873 0 1 
229 1.025000 -2.135098 0 1 
230 1.025000 -2.172079 0 1 
231 1.025000 -2.209663 0 1 
232 1.025000 -2.247730 0 1 
233 1.025000 -2.286184 0 1 
234 1.025000 -2.324947 0 1 
235 1.025000 -2.363958 0 1 
236 1.025000 -2.403166 0 1 
237 1.025000 -2.442533 0 1 
238 1.025000 -2.482026 0 1 
239 1.025000 -2.521621 0 1 
240 1.025000 -2.561297 0 1 
241 1.025000 -2.601037 0 1 
242 1.025000 -2.640830 0 1 
243 1.025000 -2.680664 0 1 
244 1.025000 -2.720531 0 1 
245 1.025000 -2.760425 0 1 
246 1.025000 -2.800340 0 1 
247 1.025000 -2.840272 0 1 
248 1.025000 -2.880218 0 1 
249 1.025000 -2.920174 0 1 
250 1.025000 -2.960139 0 1 
251 1.025000 -3.000111 0 1 
252 1.025000 -3.040089 0 1 
253 1.025000 -3.080071 0 1 
254 1.025000 -3.120057 0 1 
255 1.025000 3.123140 0 1 
256 1.025000 3.083149 0 1 
257 1.025000 3.043156 0 1 
258 1.025000 3.003162 0 1 
259 1.025000 2.963167 0 1 
260 1.025000 2.923171 0 1 
261 1.025000 2.883173 0 1 
262 1.025000 2.843176 0 1 
263 1.025000 2.803178 0 1 
264 1.025000 2.763179 0 1 
265 1.025000 2.723181 0 1 
266 1.025000 2.683182 0 1 
267 1.025000 2.643182 0 1 
268 1.025000 2.603183 0 1 
269 1.025000 2.563183 0 1 
270 1.025000 2.523184 0 1 
271 1.025000 2.483184 0 1 
272 1.025000 2.443184 0 1 
273 1.025000 2.403185 0 1 
274 1.025000 2.363185 0 1 
275 1.025000 2.323185 0 1 
276 1.025000 2.283185 0 1 
277 1.025000 2.243185 0 1 
278 1.025000 2.203185 0 1 
279 1.025000 2.163185 0 1 
280 1.025000 2.123185 0 1 
281 1.025000 2.083185 0 1 
282 1.025000 2.043185 0 1 
283 1.025000 2.003185 0 1 
284 1.025000 1.963185 0 1 
285 1.025000 1.923185 0 1 
286 1.025000 1.883185 0 1 
287 1.025000 1.843185 0 1 
288 1.025000 1.803185 0 1 
289 1.025000 1.771186 0 1 
290 1.025000 1.745586 0 1 
291 1.025000 1.725106 0 1 
292 1.025000 1.708722 0 1 
293 1.025000 1.695614 0 1 
294 1.025000 1.685129 0 1 
295 1.025000 1.676740 0 1 
296 1.025000 1.670029 0 1 
297 1.025000 1.664660 0 1 
298 1.025000 1.660365 0 1 
299 1.025000 1.656929 0 1 
300 1.025000 1.654181 0 1 
301 1.025000 1.651982 0 1 
302 1.025000 1.650222 0 1 
303 1.025000 1.648815 0 1 
304 1.025000 1.647689 0 1 
305 1.025000 1.646788 0 1 
306 1.025000 1.646068 0 1 
307 1.025000 1.645491 0 1 
308 1.025000 1.645030 0 1 
309 1.025000 1.644661 0 1 
310 1.025000 1.644366 0 1 
311 1.025000 1.644130 0 1 
312 1.025000 1.643941 0 1 
313 1.025000 1.643790 0 1 
314 1.025000 1.643669 0 1 
315 1.025000 1.643572 0 1 
316 1.025000 1.643495 0 1 
317 1.025000 1.643433 0 1 
318 1.025000 1.643383 0 1 
