1 1.000000 0.000000 0 1 
2 1.000000 0.000000 0 1 
3 1.000000 0.000000 0 1 
4 1.000000 0.000000 0 1 
5 1.000000 0.000000 0 1 
6 1.000000 0.000000 0 1 
7 1.000000 0.000000 0 1 
8 1.000000 0.000000 0 1 
9 1.000000 0.000000 0 1 
10 1.000000 0.000000 0 1 
11 1.000000 0.000000 0 1 
12 1.000000 0.000000 0 1 
13 1.000000 0.000000 0 1 
14 1.000000 0.000000 0 1 
15 1.000000 0.000000 0 1 
16 1.000000 0.000000 0 1 
17 1.000000 0.000000 0 1 
18 1.000000 0.000000 0 1 
19 1.000000 0.000000 0 1 
20 1.000000 0.000000 0 1 
21 1.000000 0.000000 0 1 
22 1.000000 0.000000 0 1 
23 1.000000 0.000000 0 1 
24 1.000000 0.000000 0 1 
25 1.000000 0.000000 0 1 
26 1.000000 0.000000 0 1 
27 1.000000 0.000000 0 1 
28 1.000000 0.000000 0 1 
29 1.000000 0.000000 0 1 
30 1.000000 0.000000 0 1 
31 1.000000 0.000000 0 1 
32 1.000000 0.000000 0 1 
33 1.000000 0.000000 0 1 
34 1.000000 0.000000 0 1 
35 1.000000 0.000000 0 1 
36 1.000000 0.000000 0 1 
37 1.000000 0.000000 0 1 
38 1.000000 0.000000 0 1 
39 1.000000 0.000000 0 1 
40 1.000000 0.000000 0 1 
41 1.000000 0.000000 0 1 
42 1.000000 0.000000 0 1 
43 1.000000 -0.008000 0 1 
44 1.000000 -0.022400 0 1 
45 1.000000 -0.041920 0 1 
46 1.000000 -0.065536 0 1 
47 1.000000 -0.092429 0 1 
48 1.000000 -0.121943 0 1 
49 1.000000 -0.153554 0 1 
50 1.000000 -0.186844 0 1 
51 1.000000 -0.221475 0 1 
52 1.000000 -0.257180 0 1 
53 1.000000 -0.293744 0 1 
54 1.000000 -0.330995 0 1 
55 1.000000 -0.368796 0 1 
56 1.000000 -0.407037 0 1 
57 1.000000 -0.445630 0 1 
58 1.000000 -0.484504 0 1 
59 1.000000 -0.515603 0 1 
60 1.000000 -0.540482 0 1 
61 1.000000 -0.560386 0 1 
62 1.000000 -0.568309 0 1 
63 1.000000 -0.566647 0 1 
64 1.000000 -0.557318 0 1 
65 1.000000 -0.541854 0 1 
66 1.000000 -0.521483 0 1 
67 1.000000 -0.497187 0 1 
68 1.000000 -0.469749 0 1 
69 1.000000 -0.439799 0 1 
70 1.000000 -0.407840 0 1 
71 1.000000 -0.374272 0 1 
72 1.000000 -0.339417 0 1 
73 1.000000 -0.303534 0 1 
74 1.000000 -0.266827 0 1 
75 1.000000 -0.229462 0 1 
76 1.000000 -0.191569 0 1 
77 1.000000 -0.153255 0 1 
78 1.000000 -0.114604 0 1 
79 1.000000 -0.075684 0 1 
80 1.000000 -0.036547 0 1 
81 1.000000 0.002763 0 1 
82 1.000000 0.042210 0 1 
83 1.000000 0.081768 0 1 
84 1.000000 0.121414 0 1 
85 1.000000 0.161132 0 1 
86 1.000000 0.200905 0 1 
87 1.000000 0.240724 0 1 
88 1.000000 0.280579 0 1 
89 1.000000 0.320463 0 1 
90 1.000000 0.360371 0 1 
91 1.000000 0.392297 0 1 
92 1.000000 0.417837 0 1 
93 1.000000 0.438270 0 1 
94 1.000000 0.454616 0 1 
95 1.000000 0.467693 0 1 
96 1.000000 0.478154 0 1 
97 1.000000 0.486523 0 1 
98 1.000000 0.493219 0 1 
99 1.000000 0.498575 0 1 
100 1.000000 0.502860 0 1 
101 1.000000 0.506288 0 1 
102 1.000000 0.509030 0 1 
103 1.000000 0.511224 0 1 
104 1.000000 0.512979 0 1 
105 1.000000 0.514383 0 1 
106 1.000000 0.515507 0 1 
107 1.000000 0.516405 0 1 
108 1.000000 0.509124 0 1 
109 1.000000 0.495299 0 1 
110 1.000000 0.476240 0 1 
111 1.000000 0.452992 0 1 
112 1.000000 0.426393 0 1 
113 1.000000 0.397115 0 1 
114 1.000000 0.365692 0 1 
115 1.000000 0.332553 0 1 
116 1.000000 0.298043 0 1 
117 1.000000 0.262434 0 1 
118 1.000000 0.225947 0 1 
119 1.000000 0.188758 0 1 
120 1.000000 0.151006 0 1 
121 1.000000 0.112805 0 1 
122 1.000000 0.074244 0 1 
123 1.000000 0.035395 0 1 
124 1.000000 0.004316 0 1 
125 1.000000 -0.020547 0 1 
126 1.000000 -0.040438 0 1 
127 1.000000 -0.056350 0 1 
128 1.000000 -0.069080 0 1 
129 1.000000 -0.079264 0 1 
130 1.000000 -0.087411 0 1 
131 1.000000 -0.093929 0 1 
132 1.000000 -0.099143 0 1 
133 1.000000 -0.103315 0 1 
134 1.000000 -0.106652 0 1 
135 1.000000 -0.109321 0 1 
136 1.000000 -0.111457 0 1 
137 1.000000 -0.113166 0 1 
138 1.000000 -0.114533 0 1 
139 1.000000 -0.115626 0 1 
140 1.000000 -0.116501 0 1 
141 1.000000 -0.117201 0 1 
142 1.000000 -0.117761 0 1 
143 1.000000 -0.118208 0 1 
144 1.000000 -0.118567 0 1 
145 1.000000 -0.118853 0 1 
146 1.000000 -0.119083 0 1 
147 1.000000 -0.119266 0 1 
148 1.000000 -0.119413 0 1 
149 1.000000 -0.119530 0 1 
150 1.000000 -0.111624 0 1 
151 1.000000 -0.097299 0 1 
152 1.000000 -0.077840 0 1 
153 1.000000 -0.054272 0 1 
154 1.000000 -0.027417 0 1 
155 1.000000 0.002066 0 1 
156 1.000000 0.025653 0 1 
157 1.000000 0.044522 0 1 
158 1.000000 0.059618 0 1 
159 1.000000 0.071694 0 1 
160 1.000000 0.081355 0 1 
161 1.000000 0.089084 0 1 
162 1.000000 0.095267 0 1 
163 1.000000 0.100214 0 1 
164 1.000000 0.104171 0 1 
165 1.000000 0.107337 0 1 
166 1.000000 0.109869 0 1 
167 1.000000 0.111896 0 1 
168 1.000000 0.113516 0 1 
169 1.000000 0.114813 0 1 
170 1.000000 0.115850 0 1 
171 1.000000 0.116680 0 1 
172 1.000000 0.117344 0 1 
173 1.000000 0.117875 0 1 
174 1.000000 0.118300 0 1 
175 1.000000 0.118640 0 1 
176 1.000000 0.118912 0 1 
177 1.000000 0.119130 0 1 
178 1.000000 0.119304 0 1 
179 1.000000 0.119443 0 1 
180 1.000000 0.119554 0 1 
181 1.000000 0.119643 0 1 
182 1.000000 0.119715 0 1 
183 1.000000 0.119772 0 1 
184 1.000000 0.119817 0 1 
185 1.000000 0.119854 0 1 
186 1.000000 0.111883 0 1 
187 1.000000 0.097506 0 1 
188 1.000000 0.078005 0 1 
189 1.000000 0.054404 0 1 
190 1.000000 0.027523 0 1 
191 1.000000 -0.001981 0 1 
192 1.000000 -0.033585 0 1 
193 1.000000 -0.066868 0 1 
194 1.000000 -0.101495 0 1 
195 1.000000 -0.137196 0 1 
196 1.000000 -0.173757 0 1 
197 1.000000 -0.211005 0 1 
198 1.000000 -0.248804 0 1 
199 1.000000 -0.287043 0 1 
200 1.000000 -0.325635 0 1 
201 1.000000 -0.364508 0 1 
202 1.000000 -0.403606 0 1 
203 1.000000 -0.442885 0 1 
204 1.000000 -0.482308 0 1 
205 1.000000 -0.521846 0 1 
206 1.000000 -0.561477 0 1 
207 1.000000 -0.601182 0 1 
208 1.000000 -0.640945 0 1 
209 1.000000 -0.680756 0 1 
210 1.000000 -0.720605 0 1 
211 1.000000 -0.760484 0 1 
212 1.000000 -0.800387 0 1 
213 1.000000 -0.840310 0 1 
214 1.000000 -0.880248 0 1 
215 1.000000 -0.912198 0 1 
216 1.000000 -0.937759 0 1 
217 1.000000 -0.958207 0 1 
218 1.000000 -0.974565 0 1 
219 1.000000 -0.987652 0 1 
220 1.000000 -0.998122 0 1 
221 1.000000 -1.006498 0 1 
222 1.000000 -1.005198 0 1 
223 1.000000 -0.996158 0 1 
224 1.000000 -0.980927 0 1 
225 1.000000 -0.960741 0 1 
226 1.000000 -0.936593 0 1 
227 1.000000 -0.909275 0 1 
228 1.000000 -0.879420 0 1 
229 1.000000 -0.847536 0 1 
230 1.000000 -0.814029 0 1 
231 1.000000 -0.779223 0 1 
232 1.000000 -0.743378 0 1 
233 1.000000 -0.706703 0 1 
234 1.000000 -0.669362 0 1 
235 1.000000 -0.631490 0 1 
236 1.000000 -0.593192 0 1 
237 1.000000 -0.554553 0 1 
238 1.000000 -0.515643 0 1 
239 1.000000 -0.476514 0 1 
240 1.000000 -0.437211 0 1 
241 1.000000 -0.397769 0 1 
242 1.000000 -0.358215 0 1 
243 1.000000 -0.318572 0 1 
244 1.000000 -0.278858 0 1 
245 1.000000 -0.239086 0 1 
246 1.000000 -0.199269 0 1 
247 1.000000 -0.159415 0 1 
248 1.000000 -0.119532 0 1 
249 1.000000 -0.079626 0 1 
250 1.000000 -0.039701 0 1 
251 1.000000 0.000239 0 1 
252 1.000000 0.040192 0 1 
253 1.000000 0.080153 0 1 
254 1.000000 0.120123 0 1 
255 1.000000 0.160098 0 1 
256 1.000000 0.200078 0 1 
257 1.000000 0.240063 0 1 
258 1.000000 0.280050 0 1 
259 1.000000 0.320040 0 1 
260 1.000000 0.360032 0 1 
261 1.000000 0.400026 0 1 
262 1.000000 0.440020 0 1 
263 1.000000 0.480016 0 1 
264 1.000000 0.512013 0 1 
265 1.000000 0.537610 0 1 
266 1.000000 0.558088 0 1 
267 1.000000 0.574471 0 1 
268 1.000000 0.587577 0 1 
269 1.000000 0.598061 0 1 
270 1.000000 0.606449 0 1 
271 1.000000 0.613159 0 1 
272 1.000000 0.618527 0 1 
273 1.000000 0.622822 0 1 
274 1.000000 0.626257 0 1 
275 1.000000 0.629006 0 1 
276 1.000000 0.623205 0 1 
277 1.000000 0.610564 0 1 
278 1.000000 0.592451 0 1 
279 1.000000 0.569961 0 1 
280 1.000000 0.543969 0 1 
281 1.000000 0.515175 0 1 
282 1.000000 0.484140 0 1 
283 1.000000 0.451312 0 1 
284 1.000000 0.417050 0 1 
285 1.000000 0.381640 0 1 
286 1.000000 0.345312 0 1 
287 1.000000 0.308249 0 1 
288 1.000000 0.270599 0 1 
289 1.000000 0.232480 0 1 
290 1.000000 0.193984 0 1 
291 1.000000 0.155187 0 1 
292 1.000000 0.116150 0 1 
293 1.000000 0.076920 0 1 
294 1.000000 0.037536 0 1 
295 1.000000 -0.001971 0 1 
296 1.000000 -0.041577 0 1 
297 1.000000 -0.081262 0 1 
298 1.000000 -0.121009 0 1 
299 1.000000 -0.160808 0 1 
300 1.000000 -0.192646 0 1 
301 1.000000 -0.218117 0 1 
302 1.000000 -0.238493 0 1 
303 1.000000 -0.254795 0 1 
304 1.000000 -0.267836 0 1 
305 1.000000 -0.278269 0 1 
306 1.000000 -0.286615 0 1 
307 1.000000 -0.293292 0 1 
308 1.000000 -0.298634 0 1 
309 1.000000 -0.302907 0 1 
310 1.000000 -0.306325 0 1 
311 1.000000 -0.309060 0 1 
312 1.000000 -0.311248 0 1 
313 1.000000 -0.312999 0 1 
314 1.000000 -0.314399 0 1 
315 1.000000 -0.315519 0 1 
316 1.000000 -0.316415 0 1 
317 1.000000 -0.317132 0 1 
318 1.000000 -0.317706 0 1 
319 1.000000 -0.318165 0 1 
320 1.000000 -0.318532 0 1 
321 1.000000 -0.318825 0 1 
322 1.000000 -0.319060 0 1 
323 1.000000 -0.319248 0 1 
324 1.000000 -0.319399 0 1 
325 1.000000 -0.319519 0 1 
326 1.000000 -0.319615 0 1 
327 1.000000 -0.319692 0 1 
328 1.000000 -0.319754 0 1 
329 1.000000 -0.319803 0 1 
330 1.000000 -0.319842 0 1 
331 1.000000 -0.319874 0 1 
332 1.000000 -0.319899 0 1 
333 1.000000 -0.319919 0 1 
334 1.000000 -0.319935 0 1 
335 1.000000 -0.311948 0 1 
336 1.000000 -0.297559 0 1 
337 1.000000 -0.278047 0 1 
338 1.000000 -0.254438 0 1 
339 1.000000 -0.235550 0 1 
340 1.000000 -0.220440 0 1 
341 1.000000 -0.208352 0 1 
342 1.000000 -0.198682 0 1 
343 1.000000 -0.190945 0 1 
344 1.000000 -0.184756 0 1 
345 1.000000 -0.179805 0 1 
346 1.000000 -0.175844 0 1 
347 1.000000 -0.172675 0 1 
348 1.000000 -0.170140 0 1 
349 1.000000 -0.168112 0 1 
350 1.000000 -0.166490 0 1 
351 1.000000 -0.165192 0 1 
352 1.000000 -0.164153 0 1 
353 1.000000 -0.163323 0 1 
354 1.000000 -0.162658 0 1 
355 1.000000 -0.162127 0 1 
356 1.000000 -0.161701 0 1 
357 1.000000 -0.161361 0 1 
358 1.000000 -0.161089 0 1 
359 1.000000 -0.160871 0 1 
360 1.000000 -0.160697 0 1 
361 1.000000 -0.160557 0 1 
362 1.000000 -0.160446 0 1 
363 1.000000 -0.160357 0 1 
364 1.000000 -0.160285 0 1 
365 1.000000 -0.160228 0 1 
366 1.000000 -0.152183 0 1 
367 1.000000 -0.137746 0 1 
368 1.000000 -0.118197 0 1 
369 1.000000 -0.094558 0 1 
370 1.000000 -0.067646 0 1 
371 1.000000 -0.046117 0 1 
372 1.000000 -0.028893 0 1 
373 1.000000 -0.015115 0 1 
374 1.000000 -0.004092 0 1 
375 1.000000 0.004727 0 1 
376 1.000000 0.011781 0 1 
377 1.000000 0.017425 0 1 
378 1.000000 0.021940 0 1 
379 1.000000 0.025552 0 1 
380 1.000000 0.028442 0 1 
381 1.000000 0.030753 0 1 
382 1.000000 0.032603 0 1 
383 1.000000 0.034082 0 1 
384 1.000000 0.035266 0 1 
385 1.000000 0.036213 0 1 
386 1.000000 0.036970 0 1 
387 1.000000 0.037576 0 1 
388 1.000000 0.038061 0 1 
389 1.000000 0.038449 0 1 
390 1.000000 0.038759 0 1 
391 1.000000 0.039007 0 1 
392 1.000000 0.039206 0 1 
393 1.000000 0.039365 0 1 
394 1.000000 0.039492 0 1 
395 1.000000 0.039593 0 1 
396 1.000000 0.039675 0 1 
397 1.000000 0.039740 0 1 
398 1.000000 0.039792 0 1 
399 1.000000 0.039833 0 1 
400 1.000000 0.039867 0 1 
401 1.000000 0.039893 0 1 
402 1.000000 0.039915 0 1 
403 1.000000 0.039932 0 1 
404 1.000000 0.039945 0 1 
405 0.650000 0.039956 1 1 
406 0.650000 0.039965 1 1 
407 0.650000 0.039972 1 1 
408 0.650000 0.039978 1 1 
409 0.650000 0.039982 1 1 
410 0.650000 0.039986 1 1 
411 0.650000 0.039989 1 1 
412 0.650000 0.039991 1 1 
413 0.650000 0.039993 1 1 
414 0.650000 0.039994 1 1 
415 0.650000 0.039995 1 1 
416 0.650000 0.039996 1 1 
417 0.650000 0.039997 1 1 
418 0.650000 0.039998 1 1 
419 0.650000 0.039998 1 1 
420 0.650000 0.039998 1 1 
421 0.650000 0.039999 1 1 
422 0.650000 0.039999 1 1 
423 0.650000 0.039999 1 1 
424 0.650000 0.039999 1 1 
425 0.650000 0.039999 1 1 
426 0.650000 0.040000 1 1 
427 0.650000 0.040000 1 1 
428 0.650000 0.040000 1 1 
429 0.650000 0.040000 1 1 
430 0.650000 0.040000 1 1 
431 0.650000 0.040000 1 1 
432 0.650000 0.040000 1 1 
433 0.650000 0.040000 1 1 
434 0.650000 0.032000 1 1 
435 0.650000 0.017600 1 1 
436 0.650000 -0.001920 1 1 
437 0.650000 -0.025536 1 1 
438 0.650000 -0.052429 1 1 
439 0.650000 -0.081943 1 1 
440 0.650000 -0.113554 1 1 
441 0.650000 -0.146844 1 1 
442 0.650000 -0.181475 1 1 
443 0.650000 -0.217180 1 1 
444 0.650000 -0.253744 1 1 
445 0.650000 -0.290995 1 1 
446 0.650000 -0.320796 1 1 
447 0.650000 -0.336637 1 1 
448 0.650000 -0.341309 1 1 
449 0.650000 -0.337048 1 1 
450 0.650000 -0.325638 1 1 
451 0.650000 -0.308510 1 1 
452 0.650000 -0.286808 1 1 
453 0.650000 -0.261447 1 1 
454 0.650000 -0.233157 1 1 
455 0.650000 -0.202526 1 1 
456 0.650000 -0.170021 1 1 
457 0.650000 -0.136017 1 1 
458 0.650000 -0.100813 1 1 
459 0.650000 -0.064651 1 1 
460 0.650000 -0.027720 1 1 
461 0.650000 0.009824 1 1 
462 0.650000 0.047859 1 1 
463 0.650000 0.086287 1 1 
464 0.650000 0.125030 1 1 
465 0.650000 0.164024 1 1 
466 0.650000 0.203219 1 1 
467 0.650000 0.242575 1 1 
468 0.650000 0.282060 1 1 
469 0.650000 0.321648 1 1 
470 0.650000 0.361318 1 1 
471 0.650000 0.401055 1 1 
472 0.650000 0.440844 1 1 
473 0.650000 0.480675 1 1 
474 0.650000 0.520540 1 1 
475 0.650000 0.560432 1 1 
476 0.650000 0.600346 1 1 
477 0.650000 0.640276 1 1 
478 0.650000 0.680221 1 1 
479 0.650000 0.720177 1 1 
480 0.650000 0.760141 1 1 
481 0.650000 0.800113 1 1 
482 0.650000 0.840091 1 1 
483 0.650000 0.880072 1 1 
484 0.650000 0.920058 1 1 
485 0.650000 0.960046 1 1 
486 0.650000 1.000037 1 1 
487 0.650000 1.040030 1 1 
488 0.650000 1.080024 1 1 
489 0.650000 1.120019 1 1 
490 0.650000 1.160015 1 1 
491 0.650000 1.200012 1 1 
492 0.650000 1.240010 1 1 
493 0.650000 1.280008 1 1 
494 0.650000 1.320006 1 1 
495 0.650000 1.352005 1 1 
496 0.650000 1.369604 1 1 
497 0.650000 1.375683 1 1 
498 0.650000 1.372546 1 1 
499 0.650000 1.362037 1 1 
500 0.650000 1.345630 1 1 
501 0.650000 1.324504 1 1 
502 0.650000 1.299603 1 1 
503 0.650000 1.271682 1 1 
504 0.650000 1.241346 1 1 
505 0.650000 1.209077 1 1 
506 0.650000 1.175261 1 1 
507 0.650000 1.140209 1 1 
508 0.650000 1.104167 1 1 
509 0.650000 1.067334 1 1 
510 0.650000 1.029867 1 1 
511 0.650000 0.991893 1 1 
512 0.650000 0.953515 1 1 
513 0.650000 0.914812 1 1 
514 0.650000 0.875849 1 1 
515 0.650000 0.836679 1 1 
516 0.650000 0.797344 1 1 
517 0.650000 0.757875 1 1 
518 0.650000 0.718300 1 1 
519 0.650000 0.678640 1 1 
520 0.650000 0.638912 1 1 
521 0.650000 0.599129 1 1 
522 0.650000 0.559304 1 1 
523 0.650000 0.519443 1 1 
524 0.650000 0.479554 1 1 
525 0.650000 0.439643 1 1 
526 0.650000 0.399715 1 1 
527 0.650000 0.359772 1 1 
528 0.650000 0.319817 1 1 
529 0.650000 0.279854 1 1 
530 0.650000 0.239883 1 1 
531 0.650000 0.199906 1 1 
532 0.650000 0.159925 1 1 
533 0.650000 0.119940 1 1 
534 0.650000 0.079952 1 1 
535 0.650000 0.047962 1 1 
536 0.650000 0.022369 1 1 
537 0.650000 0.001895 1 1 
538 0.650000 -0.014484 1 1 
539 0.650000 -0.027587 1 1 
540 0.650000 -0.038070 1 1 
541 0.650000 -0.046456 1 1 
542 0.650000 -0.053165 1 1 
543 0.650000 -0.058532 1 1 
544 0.650000 -0.062825 1 1 
545 0.650000 -0.066260 1 1 
546 0.650000 -0.069008 1 1 
547 0.650000 -0.071207 1 1 
548 0.650000 -0.072965 1 1 
549 1.000000 -0.074372 0 1 
550 1.000000 -0.075498 0 1 
551 1.000000 -0.076398 0 1 
552 1.000000 -0.077119 0 1 
553 1.000000 -0.077695 0 1 
554 1.000000 -0.078156 0 1 
555 1.000000 -0.078525 0 1 
556 1.000000 -0.078820 0 1 
557 1.000000 -0.079056 0 1 
558 1.000000 -0.079245 0 1 
559 1.000000 -0.079396 0 1 
560 1.000000 -0.079517 0 1 
561 1.000000 -0.079613 0 1 
562 1.000000 -0.079691 0 1 
563 1.000000 -0.079753 0 1 
564 1.000000 -0.079802 0 1 
565 1.000000 -0.079842 0 1 
566 1.000000 -0.079873 0 1 
567 1.000000 -0.079899 0 1 
568 1.000000 -0.079919 0 1 
569 1.000000 -0.079935 0 1 
570 1.000000 -0.079948 0 1 
571 1.000000 -0.079959 0 1 
572 1.000000 -0.071967 0 1 
573 1.000000 -0.057573 0 1 
574 1.000000 -0.038059 0 1 
575 1.000000 -0.014447 0 1 
576 1.000000 0.012442 0 1 
577 1.000000 0.041954 0 1 
578 1.000000 0.073563 0 1 
579 1.000000 0.106850 0 1 
580 1.000000 0.141480 0 1 
581 1.000000 0.177184 0 1 
582 1.000000 0.213747 0 1 
583 1.000000 0.242998 0 1 
584 1.000000 0.266398 0 1 
585 1.000000 0.285119 0 1 
586 1.000000 0.300095 0 1 
587 1.000000 0.304076 0 1 
588 1.000000 0.299261 0 1 
589 1.000000 0.287409 0 1 
590 1.000000 0.269927 0 1 
591 1.000000 0.247941 0 1 
592 1.000000 0.222353 0 1 
593 1.000000 0.193882 0 1 
594 1.000000 0.163106 0 1 
595 1.000000 0.130485 0 1 
596 1.000000 0.096388 0 1 
597 1.000000 0.061110 0 1 
598 1.000000 0.024888 0 1 
599 1.000000 -0.012089 0 1 
600 1.000000 -0.049672 0 1 
601 1.000000 -0.087737 0 1 
602 1.000000 -0.118190 0 1 
603 1.000000 -0.142552 0 1 
604 1.000000 -0.162042 0 1 
605 1.000000 -0.177633 0 1 
606 1.000000 -0.190107 0 1 
607 1.000000 -0.200085 0 1 
608 1.000000 -0.208068 0 1 
609 1.000000 -0.214455 0 1 
610 1.000000 -0.219564 0 1 
611 1.000000 -0.223651 0 1 
612 1.000000 -0.226921 0 1 
613 1.000000 -0.229537 0 1 
614 1.000000 -0.231629 0 1 
615 1.000000 -0.233304 0 1 
616 0.650000 -0.234643 1 1 
617 0.650000 -0.235714 1 1 
618 0.650000 -0.236571 1 1 
619 0.650000 -0.237257 1 1 
620 0.650000 -0.237806 1 1 
621 0.650000 -0.238245 1 1 
622 0.650000 -0.238596 1 1 
623 0.650000 -0.238877 1 1 
624 0.650000 -0.239101 1 1 
625 0.650000 -0.239281 1 1 
626 0.650000 -0.239425 1 1 
627 0.650000 -0.239540 1 1 
628 0.650000 -0.239632 1 1 
629 0.650000 -0.239706 1 1 
630 0.650000 -0.239764 1 1 
631 0.650000 -0.239812 1 1 
632 0.650000 -0.239849 1 1 
633 0.650000 -0.239879 1 1 
634 0.650000 -0.239904 1 1 
635 0.650000 -0.239923 1 1 
636 0.650000 -0.239938 1 1 
637 0.650000 -0.239951 1 1 
638 0.650000 -0.239961 1 1 
639 0.650000 -0.239968 1 1 
640 0.650000 -0.239975 1 1 
641 0.650000 -0.239980 1 1 
642 0.650000 -0.239984 1 1 
643 0.650000 -0.239987 1 1 
644 0.650000 -0.239990 1 1 
645 0.650000 -0.239992 1 1 
646 0.650000 -0.239993 1 1 
647 0.650000 -0.239995 1 1 
648 0.650000 -0.239996 1 1 
649 0.650000 -0.239997 1 1 
650 0.650000 -0.239997 1 1 
651 0.650000 -0.239998 1 1 
652 0.650000 -0.239998 1 1 
653 0.650000 -0.239999 1 1 
654 0.650000 -0.239999 1 1 
655 0.650000 -0.239999 1 1 
656 0.650000 -0.239999 1 1 
657 0.650000 -0.240000 1 1 
658 0.650000 -0.240000 1 1 
659 0.650000 -0.240000 1 1 
660 0.650000 -0.240000 1 1 
661 0.650000 -0.240000 1 1 
662 0.650000 -0.240000 1 1 
663 0.650000 -0.240000 1 1 
664 0.650000 -0.240000 1 1 
665 0.650000 -0.240000 1 1 
666 0.650000 -0.240000 1 1 
667 0.650000 -0.240000 1 1 
668 0.650000 -0.240000 1 1 
669 0.650000 -0.240000 1 1 
670 0.650000 -0.240000 1 1 
671 0.650000 -0.240000 1 1 
672 0.650000 -0.240000 1 1 
673 0.650000 -0.240000 1 1 
674 0.650000 -0.240000 1 1 
675 0.650000 -0.240000 1 1 
676 0.650000 -0.240000 1 1 
677 0.650000 -0.240000 1 1 
678 0.650000 -0.240000 1 1 
679 0.650000 -0.240000 1 1 
680 0.650000 -0.240000 1 1 
681 0.650000 -0.240000 1 1 
682 0.650000 -0.248000 1 1 
683 0.650000 -0.262400 1 1 
684 0.650000 -0.281920 1 1 
685 0.650000 -0.305536 1 1 
686 0.650000 -0.332429 1 1 
687 0.650000 -0.361943 1 1 
688 0.650000 -0.393555 1 1 
689 0.650000 -0.426844 1 1 
690 0.650000 -0.461475 1 1 
691 0.650000 -0.497180 1 1 
692 0.650000 -0.533744 1 1 
693 0.650000 -0.570995 1 1 
694 0.650000 -0.608796 1 1 
695 0.650000 -0.647037 1 1 
696 0.650000 -0.685630 1 1 
697 0.650000 -0.724504 1 1 
698 0.650000 -0.763603 1 1 
699 0.650000 -0.802882 1 1 
700 0.650000 -0.842306 1 1 
701 0.650000 -0.881845 1 1 
702 0.650000 -0.921476 1 1 
703 0.650000 -0.961181 1 1 
704 0.650000 -1.000945 1 1 
705 0.650000 -1.040756 1 1 
706 0.650000 -1.080605 1 1 
707 0.650000 -1.120484 1 1 
708 0.650000 -1.160387 1 1 
709 0.650000 -1.200310 1 1 
710 0.650000 -1.240248 1 1 
711 0.650000 -1.280198 1 1 
712 0.650000 -1.320159 1 1 
713 0.650000 -1.360127 1 1 
714 0.650000 -1.400102 1 1 
715 0.650000 -1.440081 1 1 
716 0.650000 -1.480065 1 1 
717 0.650000 -1.520052 1 1 
718 0.650000 -1.560042 1 1 
719 0.650000 -1.600033 1 1 
720 0.650000 -1.640027 1 1 
721 0.650000 -1.680021 1 1 
722 0.650000 -1.720017 1 1 
723 0.650000 -1.760014 1 1 
724 0.650000 -1.800011 1 1 
725 0.650000 -1.840009 1 1 
726 0.650000 -1.880007 1 1 
727 0.650000 -1.912006 1 1 
728 0.650000 -1.937605 1 1 
729 0.650000 -1.958084 1 1 
730 0.650000 -1.974467 1 1 
731 0.650000 -1.987574 1 1 
732 0.650000 -1.998059 1 1 
733 0.650000 -2.006447 1 1 
734 0.650000 -2.013158 1 1 
735 0.650000 -2.010526 1 1 
736 0.650000 -2.000421 1 1 
737 0.650000 -1.984337 1 1 
738 0.650000 -1.963470 1 1 
739 0.650000 -1.938776 1 1 
740 0.650000 -1.911021 1 1 
741 0.650000 -1.880816 1 1 
742 0.650000 -1.848653 1 1 
743 0.650000 -1.814923 1 1 
744 0.650000 -1.779938 1 1 
745 0.650000 -1.743950 1 1 
746 0.650000 -1.707160 1 1 
747 0.650000 -1.669728 1 1 
748 0.650000 -1.631783 1 1 
749 0.650000 -1.593426 1 1 
750 0.650000 -1.554741 1 1 
751 0.650000 -1.515793 1 1 
752 0.650000 -1.476634 1 1 
753 0.650000 -1.437307 1 1 
754 0.650000 -1.397846 1 1 
755 0.650000 -1.358277 1 1 
756 0.650000 -1.318622 1 1 
757 0.650000 -1.278897 1 1 
758 0.650000 -1.239118 1 1 
759 0.650000 -1.199294 1 1 
760 0.650000 -1.159436 1 1 
761 0.650000 -1.119548 1 1 
762 0.650000 -1.079639 1 1 
763 0.650000 -1.039711 1 1 
764 0.650000 -0.999769 1 1 
765 0.650000 -0.959815 1 1 
766 0.650000 -0.919852 1 1 
767 0.650000 -0.879882 1 1 
768 0.650000 -0.839906 1 1 
769 0.650000 -0.799924 1 1 
770 0.650000 -0.759940 1 1 
771 0.650000 -0.719952 1 1 
772 0.650000 -0.679962 1 1 
773 0.650000 -0.639969 1 1 
774 0.650000 -0.607975 1 1 
775 0.650000 -0.582380 1 1 
776 0.650000 -0.561904 1 1 
777 0.650000 -0.545524 1 1 
778 0.650000 -0.532419 1 1 
779 0.650000 -0.521935 1 1 
780 0.650000 -0.513548 1 1 
781 0.650000 -0.506839 1 1 
782 0.650000 -0.501471 1 1 
783 0.650000 -0.497177 1 1 
784 0.650000 -0.493741 1 1 
785 0.650000 -0.490993 1 1 
786 0.650000 -0.488795 1 1 
787 0.650000 -0.487036 1 1 
788 0.650000 -0.485629 1 1 
789 0.650000 -0.484503 1 1 
790 0.650000 -0.483602 1 1 
791 0.650000 -0.482882 1 1 
792 0.650000 -0.482306 1 1 
793 0.650000 -0.481845 1 1 
794 0.650000 -0.481476 1 1 
795 0.650000 -0.481181 1 1 
796 0.650000 -0.480945 1 1 
797 0.650000 -0.480756 1 1 
798 0.650000 -0.480605 1 1 
799 0.650000 -0.480484 1 1 
800 0.650000 -0.480387 1 1 
801 0.650000 -0.480310 1 1 
802 0.650000 -0.480248 1 1 
803 0.650000 -0.480198 1 1 
804 0.650000 -0.480159 1 1 
805 1.000000 -0.480127 0 1 
806 1.000000 -0.480102 0 1 
807 1.000000 -0.480081 0 1 
808 1.000000 -0.480065 0 1 
809 1.000000 -0.480052 0 1 
810 1.000000 -0.480042 0 1 
811 1.000000 -0.480033 0 1 
812 1.000000 -0.480027 0 1 
813 1.000000 -0.480022 0 1 
814 1.000000 -0.480017 0 1 
815 1.000000 -0.480014 0 1 
816 1.000000 -0.480011 0 1 
817 1.000000 -0.480009 0 1 
818 1.000000 -0.480007 0 1 
819 1.000000 -0.480006 0 1 
820 1.000000 -0.480005 0 1 
821 1.000000 -0.480004 0 1 
822 1.005000 -0.480003 0 1 
823 1.014000 -0.480003 0 1 
824 1.026200 -0.480002 0 1 
825 1.040960 -0.480002 0 1 
826 1.057768 -0.480001 0 1 
827 1.076214 -0.480001 0 1 
828 1.095972 -0.480001 0 1 
829 1.116777 -0.480001 0 1 
830 1.138422 -0.480001 0 1 
831 1.160738 -0.480001 0 1 
832 1.183590 -0.480001 0 1 
833 1.206872 -0.480001 0 1 
834 1.230498 -0.480000 0 1 
835 1.254398 -0.480000 0 1 
836 1.278519 -0.480000 0 1 
837 1.302815 -0.480000 0 1 
838 1.327252 -0.480000 0 1 
839 1.351802 -0.480000 0 1 
840 1.376441 -0.480000 0 1 
841 1.401153 -0.480000 0 1 
842 1.425923 -0.480000 0 1 
843 1.450738 -0.480000 0 1 
844 1.475590 -0.480000 0 1 
845 1.500472 -0.480000 0 1 
846 1.525378 -0.480000 0 1 
847 1.550302 -0.480000 0 1 
848 1.575242 -0.480000 0 1 
849 1.600194 -0.480000 0 1 
850 1.625155 -0.480000 0 1 
851 1.645124 -0.480000 0 1 
852 1.661099 -0.480000 0 1 
853 1.673880 -0.480000 0 1 
854 1.684104 -0.480000 0 1 
855 1.692283 -0.480000 0 1 
856 1.698826 -0.480000 0 1 
857 1.704061 -0.480000 0 1 
858 1.708249 -0.480000 0 1 
859 1.711599 -0.480000 0 1 
860 1.714279 -0.480000 0 1 
861 1.716424 -0.480000 0 1 
862 1.718139 -0.480000 0 1 
863 1.719511 -0.480000 0 1 
864 1.720609 -0.480000 0 1 
865 1.716487 -0.480000 0 1 
866 1.708190 -0.480000 0 1 
867 1.696552 -0.480000 0 1 
868 1.682241 -0.480000 0 1 
869 1.665793 -0.480000 0 1 
870 1.647635 -0.480000 0 1 
871 1.628108 -0.480000 0 1 
872 1.607486 -0.480000 0 1 
873 1.585989 -0.480000 0 1 
874 1.563791 -0.480000 0 1 
875 1.541033 -0.480000 0 1 
876 1.517826 -0.480000 0 1 
877 1.494261 -0.480000 0 1 
878 1.470409 -0.480000 0 1 
879 1.446327 -0.480000 0 1 
880 1.422062 -0.480000 0 1 
881 1.397649 -0.480000 0 1 
882 1.373119 -0.480000 0 1 
883 1.348496 -0.480000 0 1 
884 1.323797 -0.480000 0 1 
885 1.299037 -0.480000 0 1 
886 1.274230 -0.480000 0 1 
887 1.249384 -0.480000 0 1 
888 1.224507 -0.480000 0 1 
889 1.199606 -0.480000 0 1 
890 1.174685 -0.480000 0 1 
891 1.149748 -0.480000 0 1 
892 1.124798 -0.480000 0 1 
893 1.099838 -0.480000 0 1 
894 1.079871 -0.480000 0 1 
895 1.063897 -0.480000 0 1 
896 1.056117 -0.480000 0 1 
897 1.054894 -0.480000 0 1 
898 1.058915 -0.480000 0 1 
899 1.067132 -0.480000 0 1 
900 1.078706 -0.480000 0 1 
901 1.092965 -0.480000 0 1 
902 1.109372 -0.480000 0 1 
903 1.127497 -0.480000 0 1 
904 1.146998 -0.480000 0 1 
905 1.167598 -0.480000 0 1 
906 1.189079 -0.480000 0 1 
907 1.211263 -0.480000 0 1 
908 1.234010 -0.480000 0 1 
909 1.257208 -0.480000 0 1 
910 1.280766 -0.480000 0 1 
911 1.304613 -0.480000 0 1 
912 1.328690 -0.480000 0 1 
913 1.352952 -0.480000 0 1 
914 1.377362 -0.480000 0 1 
915 1.401889 -0.480000 0 1 
916 1.426511 -0.480000 0 1 
917 1.446209 -0.480000 0 1 
918 1.461967 -0.480000 0 1 
919 1.474574 -0.480000 0 1 
920 1.484659 -0.480000 0 1 
921 1.487727 -0.480000 0 1 
922 1.485182 -0.480000 0 1 
923 1.478145 -0.480000 0 1 
924 1.467516 -0.480000 0 1 
925 1.454013 -0.480000 0 1 
926 1.438210 -0.480000 0 1 
927 1.420568 -0.480000 0 1 
928 1.401455 -0.480000 0 1 
929 1.381164 -0.480000 0 1 
930 1.359931 -0.480000 0 1 
931 1.337945 -0.480000 0 1 
932 1.315356 -0.480000 0 1 
933 1.292284 -0.480000 0 1 
934 1.268828 -0.480000 0 1 
935 1.245062 -0.480000 0 1 
936 1.221050 -0.480000 0 1 
937 1.196840 -0.480000 0 1 
938 1.172472 -0.480000 0 1 
939 1.147977 -0.480000 0 1 
940 1.123382 -0.480000 0 1 
941 1.103705 -0.480000 0 1 
942 1.087964 -0.480000 0 1 
943 1.075371 -0.480000 0 1 
944 1.065297 -0.480000 0 1 
945 1.057238 -0.480000 0 1 
946 1.050790 -0.480000 0 1 
947 1.045632 -0.480000 0 1 
948 1.041505 -0.480000 0 1 
949 1.038204 -0.480000 0 1 
950 1.035563 -0.488000 0 1 
951 1.033451 -0.502400 0 1 
952 1.031760 -0.521920 0 1 
953 1.030408 -0.545536 0 1 
954 1.029327 -0.572429 0 1 
955 1.028461 -0.601943 0 1 
956 1.027769 -0.633555 0 1 
957 1.027215 -0.666844 0 1 
958 1.026772 -0.701475 0 1 
959 1.026418 -0.737180 0 1 
960 1.026134 -0.773744 0 1 
961 1.025907 -0.810995 0 1 
962 1.025726 -0.848796 0 1 
963 1.025581 -0.887037 0 1 
964 1.025464 -0.925630 0 1 
965 1.025372 -0.964504 0 1 
966 1.025297 -1.003603 0 1 
967 1.025238 -1.042883 0 1 
968 1.025190 -1.082306 0 1 
969 1.025152 -1.121845 0 1 
970 1.025122 -1.161476 0 1 
971 1.025097 -1.201181 0 1 
972 1.025078 -1.240945 0 1 
973 1.025062 -1.280756 0 1 
974 1.025050 -1.320605 0 1 
975 1.025040 -1.360484 0 1 
976 1.025032 -1.400387 0 1 
977 1.025025 -1.440310 0 1 
978 1.025020 -1.480248 0 1 
979 1.025016 -1.520198 0 1 
980 1.025013 -1.560159 0 1 
981 1.025010 -1.600127 0 1 
982 1.025008 -1.640102 0 1 
983 1.025007 -1.680081 0 1 
984 1.025005 -1.720065 0 1 
985 1.025004 -1.760052 0 1 
986 1.025003 -1.800042 0 1 
987 1.025003 -1.840034 0 1 
988 1.025002 -1.880027 0 1 
989 1.025002 -1.920022 0 1 
990 1.025001 -1.960017 0 1 
991 1.025001 -2.000014 0 1 
992 1.025001 -2.040011 0 1 
993 1.025000 -2.080009 0 1 
994 1.025000 -2.120008 0 1 
995 1.025000 -2.160006 0 1 
996 1.025000 -2.200005 0 1 
997 1.025000 -2.240004 0 1 
998 1.025000 -2.280003 0 1 
999 1.025000 -2.320003 0 1 
1000 1.025000 -2.360002 0 1 
1001 1.025000 -2.400002 0 1 
1002 1.025000 -2.440001 0 1 
1003 1.025000 -2.480001 0 1 
1004 1.025000 -2.520001 0 1 
1005 1.025000 -2.560001 0 1 
1006 1.025000 -2.600001 0 1 
1007 1.025000 -2.640001 0 1 
1008 1.025000 -2.680001 0 1 
1009 1.025000 -2.720001 0 1 
1010 1.025000 -2.752001 0 1 
1011 1.025000 -2.777601 0 1 
1012 1.025000 -2.790081 0 1 
1013 1.025000 -2.792065 0 1 
1014 1.025000 -2.785652 0 1 
1015 1.025000 -2.772522 0 1 
1016 1.025000 -2.754018 0 1 
1017 1.025000 -2.731214 0 1 
1018 1.025000 -2.704972 0 1 
1019 1.025000 -2.675977 0 1 
1020 1.025000 -2.644782 0 1 
1021 1.025000 -2.611826 0 1 
1022 1.025000 -2.577461 0 1 
1023 1.025000 -2.541969 0 1 
1024 1.025000 -2.505575 0 1 
1025 1.025000 -2.468460 0 1 
1026 1.025000 -2.430768 0 1 
1027 1.025000 -2.392615 0 1 
1028 1.025000 -2.354092 0 1 
1029 1.025000 -2.315274 0 1 
1030 1.025000 -2.276219 0 1 
1031 1.025000 -2.236976 0 1 
1032 1.025000 -2.197581 0 1 
1033 1.025000 -2.158065 0 1 
1034 1.025000 -2.118452 0 1 
1035 1.025000 -2.078762 0 1 
1036 1.025000 -2.039010 0 1 
1037 1.025000 -1.999208 0 1 
1038 1.025000 -1.959366 0 1 
1039 1.025000 -1.919493 0 1 
1040 1.025000 -1.879595 0 1 
1041 1.025000 -1.839676 0 1 
1042 1.025000 -1.799741 0 1 
1043 1.025000 -1.759793 0 1 
1044 1.025000 -1.719835 0 1 
1045 1.025000 -1.679868 0 1 
1046 1.025000 -1.639894 0 1 
1047 1.025000 -1.599916 0 1 
1048 1.025000 -1.559933 0 1 
1049 1.025000 -1.519946 0 1 
1050 1.025000 -1.479957 0 1 
1051 1.025000 -1.439966 0 1 
1052 1.025000 -1.399973 0 1 
1053 1.025000 -1.359979 0 1 
1054 1.025000 -1.319983 0 1 
1055 1.025000 -1.279987 0 1 
1056 1.025000 -1.239990 0 1 
1057 1.025000 -1.199992 0 1 
1058 1.025000 -1.159994 0 1 
1059 1.025000 -1.119995 0 1 
1060 1.025000 -1.079996 0 1 
1061 1.025000 -1.039997 0 1 
1062 1.025000 -0.999998 0 1 
1063 1.025000 -0.959999 0 1 
1064 1.025000 -0.919999 0 1 
1065 1.025000 -0.880000 0 1 
1066 1.025000 -0.840000 0 1 
1067 1.025000 -0.800000 0 1 
1068 1.025000 -0.760000 0 1 
1069 1.025000 -0.720001 0 1 
1070 1.025000 -0.680001 0 1 
1071 1.025000 -0.640001 0 1 
1072 1.025000 -0.600001 0 1 
1073 1.025000 -0.560001 0 1 
1074 1.025000 -0.520001 0 1 
1075 1.025000 -0.480001 0 1 
1076 1.025000 -0.440001 0 1 
1077 1.025000 -0.408001 0 1 
1078 1.025000 -0.382401 0 1 
1079 1.025000 -0.361921 0 1 
1080 1.025000 -0.345537 0 1 
1081 1.025000 -0.332430 0 1 
1082 1.025000 -0.321944 0 1 
1083 1.025000 -0.313556 0 1 
1084 1.025000 -0.306845 0 1 
1085 1.025000 -0.301476 0 1 
1086 1.025000 -0.297181 0 1 
1087 1.025000 -0.293745 0 1 
1088 1.025000 -0.298996 0 1 
1089 1.025000 -0.311197 0 1 
1090 1.025000 -0.328958 0 1 
1091 1.025000 -0.351167 0 1 
1092 1.025000 -0.376934 0 1 
1093 1.025000 -0.405547 0 1 
1094 1.025000 -0.436438 0 1 
1095 1.025000 -0.469151 0 1 
1096 1.025000 -0.503321 0 1 
1097 1.025000 -0.538657 0 1 
1098 1.025000 -0.574926 0 1 
1099 1.025000 -0.611941 0 1 
1100 1.025000 -0.649553 0 1 
1101 1.025000 -0.687643 0 1 
1102 1.025000 -0.726114 0 1 
1103 1.025000 -0.764892 0 1 
1104 1.025000 -0.803914 0 1 
1105 1.025000 -0.843131 0 1 
1106 1.025000 -0.882505 0 1 
1107 1.025000 -0.922004 0 1 
1108 1.025000 -0.961604 0 1 
1109 1.025000 -1.001283 0 1 
1110 1.025000 -1.041027 0 1 
1111 1.025000 -1.080822 0 1 
1112 1.025000 -1.120658 0 1 
1113 1.025000 -1.160526 0 1 
1114 1.025000 -1.200421 0 1 
1115 1.025000 -1.240337 0 1 
1116 1.025000 -1.280270 0 1 
1117 1.025000 -1.320216 0 1 
1118 1.025000 -1.360173 0 1 
1119 1.025000 -1.400139 0 1 
1120 1.025000 -1.440111 0 1 
1121 1.025000 -1.480089 0 1 
1122 1.025000 -1.520072 0 1 
1123 1.025000 -1.560057 0 1 
1124 1.025000 -1.600046 0 1 
1125 1.025000 -1.640037 0 1 
1126 1.025000 -1.680030 0 1 
1127 1.025000 -1.720024 0 1 
1128 1.025000 -1.760020 0 1 
1129 1.025000 -1.800016 0 1 
1130 1.025000 -1.840013 0 1 
1131 1.025000 -1.880011 0 1 
1132 1.025000 -1.920009 0 1 
1133 1.025000 -1.960007 0 1 
1134 1.025000 -2.000006 0 1 
1135 1.025000 -2.040005 0 1 
1136 1.025000 -2.080004 0 1 
1137 1.025000 -2.120004 0 1 
1138 1.025000 -2.160003 0 1 
1139 1.025000 -2.200003 0 1 
1140 1.025000 -2.240002 0 1 
1141 1.025000 -2.280002 0 1 
1142 1.025000 -2.320002 0 1 
1143 1.025000 -2.360002 0 1 
1144 1.025000 -2.400002 0 1 
1145 1.025000 -2.440001 0 1 
1146 1.025000 -2.480001 0 1 
1147 1.025000 -2.520001 0 1 
1148 1.025000 -2.560001 0 1 
1149 1.025000 -2.600001 0 1 
1150 1.025000 -2.640001 0 1 
1151 1.025000 -2.680001 0 1 
1152 1.025000 -2.720001 0 1 
1153 1.025000 -2.760001 0 1 
1154 1.025000 -2.800001 0 1 
1155 1.025000 -2.840001 0 1 
1156 1.025000 -2.880001 0 1 
1157 1.025000 -2.920001 0 1 
1158 1.025000 -2.960001 0 1 
1159 1.025000 -3.000001 0 1 
1160 1.025000 -3.040001 0 1 
1161 1.025000 -3.080001 0 1 
1162 1.025000 -3.120001 0 1 
1163 1.025000 3.123185 0 1 
1164 1.025000 3.083185 0 1 
1165 1.025000 3.043185 0 1 
1166 1.025000 3.003185 0 1 
1167 1.025000 2.963185 0 1 
1168 1.025000 2.923185 0 1 
1169 1.025000 2.883185 0 1 
1170 1.025000 2.843185 0 1 
1171 1.025000 2.803185 0 1 
1172 1.025000 2.763185 0 1 
1173 1.025000 2.723185 0 1 
1174 1.025000 2.683185 0 1 
1175 1.025000 2.643185 0 1 
1176 1.025000 2.603185 0 1 
1177 1.025000 2.563185 0 1 
1178 1.025000 2.523185 0 1 
1179 1.025000 2.483185 0 1 
1180 1.025000 2.443185 0 1 
1181 1.025000 2.403185 0 1 
1182 1.025000 2.363185 0 1 
1183 1.025000 2.323185 0 1 
1184 1.025000 2.283185 0 1 
1185 1.025000 2.243186 0 1 
1186 1.025000 2.203186 0 1 
1187 1.025000 2.163186 0 1 
1188 1.025000 2.123186 0 1 
1189 1.025000 2.083186 0 1 
1190 1.025000 2.043186 0 1 
1191 1.025000 2.003186 0 1 
1192 1.025000 1.963186 0 1 
1193 1.025000 1.923186 0 1 
1194 1.025000 1.883186 0 1 
1195 1.025000 1.843186 0 1 
1196 1.025000 1.803186 0 1 
1197 1.025000 1.763186 0 1 
1198 1.025000 1.723186 0 1 
1199 1.025000 1.683186 0 1 
1200 1.025000 1.643186 0 1 
1201 1.025000 1.603186 0 1 
1202 1.025000 1.563186 0 1 
1203 1.025000 1.523186 0 1 
1204 1.025000 1.483186 0 1 
1205 1.025000 1.443186 0 1 
1206 1.025000 1.403186 0 1 
1207 1.025000 1.363186 0 1 
1208 1.025000 1.323186 0 1 
1209 1.025000 1.283186 0 1 
1210 1.025000 1.243186 0 1 
1211 1.025000 1.203187 0 1 
1212 1.025000 1.163187 0 1 
1213 1.025000 1.123187 0 1 
1214 1.025000 1.083187 0 1 
1215 1.025000 1.043187 0 1 
1216 1.025000 1.003187 0 1 
1217 1.025000 0.963187 0 1 
1218 1.025000 0.923187 0 1 
1219 1.025000 0.883187 0 1 
1220 1.025000 0.843187 0 1 
1221 1.025000 0.803187 0 1 
1222 1.025000 0.763187 0 1 
1223 1.025000 0.723187 0 1 
1224 1.025000 0.683187 0 1 
1225 1.025000 0.651187 0 1 
1226 1.025000 0.625587 0 1 
