1 1.025000 0.000000 0 1 
2 1.025000 0.000000 0 1 
3 1.025000 0.000000 0 1 
4 1.025000 0.000000 0 1 
5 1.025000 0.000000 0 1 
6 1.025000 0.000000 0 1 
7 1.025000 0.000000 0 1 
8 1.025000 0.000000 0 1 
9 1.025000 0.000000 0 1 
10 1.025000 0.000000 0 1 
11 1.025000 0.000000 0 1 
12 1.025000 0.000000 0 1 
13 1.025000 0.000000 0 1 
14 1.025000 0.000000 0 1 
15 1.025000 0.000000 0 1 
16 1.025000 0.000000 0 1 
17 1.025000 0.000000 0 1 
18 1.025000 0.000000 0 1 
19 1.025000 0.000000 0 1 
20 1.025000 0.000000 0 1 
21 1.025000 0.000000 0 1 
22 1.025000 0.000000 0 1 
23 1.025000 0.000000 0 1 
24 1.025000 0.000000 0 1 
25 1.025000 0.000000 0 1 
26 1.025000 0.000000 0 1 
27 1.025000 0.000000 0 1 
28 1.025000 0.000000 0 1 
29 1.025000 0.000000 0 1 
30 1.025000 0.000000 0 1 
31 1.025000 0.000000 0 1 
32 1.025000 0.000000 0 1 
33 1.025000 0.000000 0 1 
34 1.025000 0.000000 0 1 
35 1.025000 0.000000 0 1 
36 1.025000 0.000000 0 1 
37 1.025000 0.000000 0 1 
38 1.025000 0.000000 0 1 
39 1.025000 0.000000 0 1 
40 1.025000 0.000000 0 1 
41 1.025000 0.000000 0 1 
42 1.025000 0.000000 0 1 
43 1.025000 0.000000 0 1 
44 1.025000 0.000000 0 1 
45 1.025000 0.000000 0 1 
46 1.025000 0.000000 0 1 
47 1.025000 0.000000 0 1 
48 1.025000 0.000000 0 1 
49 1.025000 0.000000 0 1 
50 1.025000 0.000000 0 1 
51 1.025000 0.000000 0 1 
52 1.025000 0.000000 0 1 
53 1.025000 0.000000 0 1 
54 1.025000 0.000000 0 1 
55 1.025000 0.000000 0 1 
56 1.025000 0.000000 0 1 
57 1.025000 0.000000 0 1 
58 1.025000 0.000000 0 1 
59 1.025000 0.000000 0 1 
60 1.025000 0.000000 0 1 
61 1.025000 0.000000 0 1 
62 1.025000 0.000000 0 1 
63 1.025000 0.000000 0 1 
64 1.025000 0.000000 0 1 
65 1.025000 0.000000 0 1 
66 1.025000 0.000000 0 1 
67 1.025000 0.000000 0 1 
68 1.025000 0.000000 0 1 
69 1.025000 0.000000 0 1 
70 1.025000 0.000000 0 1 
71 1.025000 0.000000 0 1 
72 1.025000 0.000000 0 1 
73 1.025000 -0.008000 0 1 
74 1.025000 -0.022400 0 1 
75 1.025000 -0.041920 0 1 
76 1.025000 -0.065536 0 1 
77 1.025000 -0.092429 0 1 
78 1.025000 -0.121943 0 1 
79 1.025000 -0.153554 0 1 
80 1.025000 -0.186844 0 1 
81 1.025000 -0.221475 0 1 
82 1.025000 -0.257180 0 1 
83 1.025000 -0.293744 0 1 
84 1.025000 -0.330995 0 1 
85 1.025000 -0.368796 0 1 
86 1.025000 -0.407037 0 1 
87 1.025000 -0.445630 0 1 
88 1.025000 -0.484504 0 1 
89 1.025000 -0.523603 0 1 
90 1.025000 -0.562882 0 1 
91 1.025000 -0.602306 0 1 
92 1.025000 -0.641845 0 1 
93 1.025000 -0.681476 0 1 
94 1.025000 -0.721181 0 1 
95 1.025000 -0.760944 0 1 
96 1.025000 -0.800756 0 1 
97 1.025000 -0.840604 0 1 
98 1.025000 -0.880483 0 1 
99 1.025000 -0.920387 0 1 
100 1.025000 -0.960309 0 1 
101 1.025000 -1.000247 0 1 
102 1.025000 -1.040198 0 1 
103 1.025000 -1.080158 0 1 
104 1.025000 -1.120127 0 1 
105 1.025000 -1.160101 0 1 
106 1.025000 -1.200081 0 1 
107 1.025000 -1.232065 0 1 
108 1.025000 -1.257652 0 1 
109 1.025000 -1.278121 0 1 
110 1.025000 -1.294497 0 1 
111 1.025000 -1.307598 0 1 
112 1.025000 -1.310078 0 1 
113 1.025000 -1.304062 0 1 
114 1.025000 -1.291250 0 1 
115 1.025000 -1.273000 0 1 
116 1.025000 -1.250400 0 1 
117 1.025000 -1.224320 0 1 
118 1.025000 -1.195456 0 1 
119 1.025000 -1.164364 0 1 
120 1.025000 -1.131492 0 1 
121 1.025000 -1.097193 0 1 
122 1.025000 -1.061754 0 1 
123 1.025000 -1.025403 0 1 
124 1.025000 -0.988323 0 1 
125 1.025000 -0.950658 0 1 
126 1.025000 -0.912526 0 1 
127 1.025000 -0.874021 0 1 
128 1.025000 -0.835217 0 1 
129 1.025000 -0.796173 0 1 
130 1.025000 -0.756939 0 1 
131 1.025000 -0.725551 0 1 
132 1.025000 -0.700441 0 1 
133 1.025000 -0.680352 0 1 
134 1.025000 -0.672282 0 1 
135 1.025000 -0.673825 0 1 
136 1.025000 -0.683060 0 1 
137 1.025000 -0.698448 0 1 
138 1.025000 -0.718758 0 1 
139 1.025000 -0.743007 0 1 
140 1.025000 -0.770405 0 1 
141 1.025000 -0.800324 0 1 
142 1.025000 -0.832259 0 1 
143 1.025000 -0.865807 0 1 
144 1.025000 -0.900646 0 1 
145 1.025000 -0.936516 0 1 
146 1.025000 -0.973213 0 1 
147 1.025000 -1.010570 0 1 
148 1.025000 -1.048456 0 1 
149 1.025000 -1.086765 0 1 
150 1.025000 -1.125412 0 1 
151 1.025000 -1.164329 0 1 
152 1.025000 -1.203463 0 1 
153 1.025000 -1.242771 0 1 
154 1.025000 -1.282216 0 1 
155 1.025000 -1.321773 0 1 
156 1.025000 -1.361418 0 1 
157 1.025000 -1.401134 0 1 
158 1.025000 -1.440907 0 1 
159 1.025000 -1.480726 0 1 
160 1.025000 -1.520581 0 1 
161 1.025000 -1.560464 0 1 
162 1.025000 -1.600371 0 1 
163 1.025000 -1.640297 0 1 
164 1.025000 -1.680237 0 1 
165 1.025000 -1.720190 0 1 
166 1.025000 -1.760152 0 1 
167 1.025000 -1.800121 0 1 
168 1.025000 -1.840097 0 1 
169 1.025000 -1.880077 0 1 
170 1.025000 -1.920062 0 1 
171 1.025000 -1.960049 0 1 
172 1.025000 -2.000039 0 1 
173 1.025000 -2.040031 0 1 
174 1.025000 -2.080025 0 1 
175 1.025000 -2.120020 0 1 
176 1.025000 -2.160016 0 1 
177 1.025000 -2.200012 0 1 
178 1.025000 -2.240010 0 1 
179 1.025000 -2.280008 0 1 
180 1.025000 -2.320006 0 1 
181 1.025000 -2.360005 0 1 
182 1.025000 -2.400004 0 1 
183 1.025000 -2.440003 0 1 
184 1.025000 -2.480002 0 1 
185 1.025000 -2.512002 0 1 
186 1.025000 -2.537601 0 1 
187 1.025000 -2.558081 0 1 
188 1.025000 -2.574464 0 1 
189 1.025000 -2.579571 0 1 
190 1.025000 -2.575657 0 1 
191 1.025000 -2.564525 0 1 
192 1.025000 -2.547620 0 1 
193 1.025000 -2.526096 0 1 
194 1.025000 -2.500876 0 1 
195 1.025000 -2.472701 0 1 
196 1.025000 -2.442160 0 1 
197 1.025000 -2.409728 0 1 
198 1.025000 -2.375782 0 1 
199 1.025000 -2.340626 0 1 
200 1.025000 -2.304500 0 1 
201 1.025000 -2.267600 0 1 
202 1.025000 -2.230080 0 1 
203 1.025000 -2.192064 0 1 
204 1.025000 -2.153651 0 1 
205 1.025000 -2.114920 0 1 
206 1.025000 -2.075936 0 1 
207 1.025000 -2.036748 0 1 
208 1.025000 -1.997398 0 1 
209 1.025000 -1.957919 0 1 
210 1.025000 -1.918335 0 1 
211 1.025000 -1.878667 0 1 
212 1.025000 -1.838934 0 1 
213 1.025000 -1.799147 0 1 
214 1.025000 -1.759317 0 1 
215 1.025000 -1.719453 0 1 
216 1.025000 -1.679563 0 1 
217 1.025000 -1.639650 0 1 
218 1.025000 -1.599720 0 1 
219 1.025000 -1.559775 0 1 
220 1.025000 -1.519820 0 1 
221 1.025000 -1.479856 0 1 
222 1.025000 -1.439884 0 1 
223 1.025000 -1.399907 0 1 
224 1.025000 -1.359926 0 1 
225 1.025000 -1.319940 0 1 
226 1.025000 -1.279952 0 1 
227 1.025000 -1.239961 0 1 
228 1.025000 -1.199969 0 1 
229 1.025000 -1.159975 0 1 
230 1.025000 -1.119980 0 1 
231 1.025000 -1.079984 0 1 
232 1.025000 -1.039987 0 1 
233 1.025000 -0.999989 0 1 
234 1.025000 -0.959991 0 1 
235 1.025000 -0.927993 0 1 
236 1.025000 -0.902394 0 1 
237 1.025000 -0.881915 0 1 
238 1.025000 -0.865532 0 1 
239 1.025000 -0.852425 0 1 
240 1.025000 -0.841940 0 1 
241 1.025000 -0.833552 0 1 
242 1.025000 -0.826841 0 1 
243 1.025000 -0.821473 0 1 
244 1.025000 -0.817178 0 1 
245 1.025000 -0.813742 0 1 
246 1.025000 -0.810993 0 1 
247 1.025000 -0.808794 0 1 
248 1.025000 -0.807035 0 1 
249 1.025000 -0.805628 0 1 
250 1.025000 -0.804502 0 1 
251 1.025000 -0.803602 0 1 
252 1.025000 -0.802881 0 1 
253 1.025000 -0.802305 0 1 
254 1.025000 -0.801843 0 1 
255 1.025000 -0.801474 0 1 
256 1.025000 -0.801179 0 1 
257 1.025000 -0.800943 0 1 
258 1.025000 -0.800754 0 1 
259 1.025000 -0.800603 0 1 
260 1.025000 -0.800482 0 1 
261 1.025000 -0.800386 0 1 
262 1.025000 -0.800308 0 1 
263 1.025000 -0.800246 0 1 
264 1.025000 -0.800197 0 1 
265 1.025000 -0.808157 0 1 
266 1.025000 -0.822526 0 1 
267 1.025000 -0.842020 0 1 
268 1.025000 -0.865616 0 1 
269 1.025000 -0.892492 0 1 
270 1.025000 -0.921994 0 1 
271 1.025000 -0.953595 0 1 
272 1.025000 -0.986875 0 1 
273 1.025000 -1.021500 0 1 
274 1.025000 -1.057200 0 1 
275 1.025000 -1.093760 0 1 
276 1.025000 -1.131007 0 1 
277 1.025000 -1.168806 0 1 
278 1.025000 -1.207044 0 1 
279 1.025000 -1.245635 0 1 
280 1.025000 -1.284508 0 1 
281 1.025000 -1.323606 0 1 
282 1.025000 -1.362885 0 1 
283 1.025000 -1.402308 0 1 
284 1.025000 -1.441846 0 1 
285 1.025000 -1.481476 0 1 
286 1.025000 -1.521181 0 1 
287 1.025000 -1.560944 0 1 
288 1.025000 -1.600755 0 1 
289 1.025000 -1.640604 0 1 
290 1.025000 -1.680483 0 1 
291 1.025000 -1.720386 0 1 
292 1.025000 -1.760309 0 1 
293 1.025000 -1.800247 0 1 
294 1.025000 -1.840197 0 1 
295 1.025000 -1.880157 0 1 
296 1.025000 -1.920126 0 1 
297 1.025000 -1.960100 0 1 
298 1.025000 -2.000080 0 1 
299 1.025000 -2.040064 0 1 
300 1.025000 -2.080051 0 1 
301 1.025000 -2.120040 0 1 
302 1.025000 -2.160032 0 1 
303 1.025000 -2.200025 0 1 
304 1.025000 -2.240020 0 1 
305 1.025000 -2.280016 0 1 
306 1.025000 -2.320012 0 1 
307 1.025000 -2.360010 0 1 
308 1.025000 -2.400007 0 1 
309 1.025000 -2.440006 0 1 
310 1.025000 -2.480004 0 1 
311 1.025000 -2.520003 0 1 
312 1.025000 -2.560002 0 1 
313 1.025000 -2.600001 0 1 
314 1.025000 -2.640001 0 1 
315 1.025000 -2.680000 0 1 
316 1.025000 -2.712000 0 1 
317 1.025000 -2.737600 0 1 
318 1.025000 -2.758079 0 1 
319 1.025000 -2.774463 0 1 
320 1.025000 -2.787570 0 1 
321 1.025000 -2.790056 0 1 
322 1.025000 -2.784045 0 1 
323 1.025000 -2.771235 0 1 
324 1.025000 -2.752988 0 1 
325 1.025000 -2.730390 0 1 
326 1.025000 -2.704312 0 1 
327 1.025000 -2.675449 0 1 
328 1.025000 -2.644359 0 1 
329 1.025000 -2.611487 0 1 
330 1.025000 -2.577189 0 1 
331 1.025000 -2.541751 0 1 
332 1.025000 -2.505401 0 1 
333 1.025000 -2.468320 0 1 
334 1.025000 -2.438656 0 1 
335 1.025000 -2.414925 0 1 
336 1.025000 -2.395939 0 1 
337 1.025000 -2.380751 0 1 
338 1.025000 -2.368601 0 1 
339 1.025000 -2.358880 0 1 
340 1.025000 -2.351104 0 1 
341 1.025000 -2.344883 0 1 
342 1.025000 -2.339906 0 1 
343 1.025000 -2.335925 0 1 
344 1.025000 -2.332739 0 1 
345 1.025000 -2.330191 0 1 
346 1.025000 -2.328153 0 1 
347 1.025000 -2.326522 0 1 
348 1.025000 -2.317217 0 1 
349 1.025000 -2.301773 0 1 
350 1.025000 -2.281418 0 1 
351 1.025000 -2.257134 0 1 
352 1.025000 -2.229707 0 1 
353 1.025000 -2.199765 0 1 
354 1.025000 -2.167812 0 1 
355 1.025000 -2.134249 0 1 
356 1.025000 -2.099399 0 1 
357 1.025000 -2.063519 0 1 
358 1.025000 -2.026815 0 1 
359 1.025000 -1.989452 0 1 
360 1.025000 -1.951561 0 1 
361 1.025000 -1.913249 0 1 
362 1.025000 -1.874599 0 1 
363 1.025000 -1.835679 0 1 
364 1.025000 -1.796543 0 1 
365 1.025000 -1.757234 0 1 
366 1.025000 -1.717787 0 1 
367 1.025000 -1.678229 0 1 
368 1.025000 -1.638583 0 1 
369 1.025000 -1.598866 0 1 
370 1.025000 -1.559093 0 1 
371 1.025000 -1.519274 0 1 
372 1.025000 -1.479419 0 1 
373 1.025000 -1.439535 0 1 
374 1.025000 -1.399628 0 1 
375 1.025000 -1.359702 0 1 
376 1.025000 -1.319761 0 1 
377 1.025000 -1.279809 0 1 
378 1.025000 -1.239847 0 1 
379 1.025000 -1.199877 0 1 
380 1.025000 -1.159901 0 1 
381 1.025000 -1.119921 0 1 
382 1.025000 -1.079936 0 1 
383 1.025000 -1.039949 0 1 
384 1.025000 -0.999959 0 1 
385 1.025000 -0.959967 0 1 
386 1.025000 -0.919973 0 1 
387 1.025000 -0.887978 0 1 
388 1.025000 -0.862382 0 1 
389 1.025000 -0.841906 0 1 
390 1.025000 -0.825524 0 1 
391 1.025000 -0.812419 0 1 
392 1.025000 -0.801935 0 1 
393 1.025000 -0.793548 0 1 
394 1.025000 -0.786838 0 1 
395 1.025000 -0.781470 0 1 
396 1.025000 -0.785176 0 1 
397 1.025000 -0.796140 0 1 
398 1.025000 -0.812912 0 1 
399 1.025000 -0.834329 0 1 
400 1.025000 -0.859463 0 1 
401 1.025000 -0.887570 0 1 
402 1.025000 -0.918056 0 1 
403 1.025000 -0.950444 0 1 
404 1.025000 -0.984355 0 1 
405 1.025000 -1.019484 0 1 
406 1.025000 -1.055587 0 1 
407 1.025000 -1.092469 0 1 
408 1.025000 -1.129975 0 1 
409 1.025000 -1.167980 0 1 
410 1.025000 -1.206384 0 1 
411 1.025000 -1.245107 0 1 
412 1.025000 -1.284085 0 1 
413 1.025000 -1.323268 0 1 
414 1.025000 -1.362614 0 1 
415 1.025000 -1.402091 0 1 
416 1.025000 -1.441673 0 1 
417 1.025000 -1.481338 0 1 
418 1.025000 -1.521070 0 1 
419 1.025000 -1.560856 0 1 
420 1.025000 -1.600684 0 1 
421 1.025000 -1.640547 0 1 
422 1.025000 -1.680438 0 1 
423 1.025000 -1.720350 0 1 
424 1.025000 -1.760280 0 1 
425 1.025000 -1.800223 0 1 
426 1.025000 -1.840178 0 1 
427 1.025000 -1.880142 0 1 
428 1.025000 -1.920114 0 1 
429 1.025000 -1.960091 0 1 
430 1.025000 -2.000072 0 1 
431 1.025000 -2.040057 0 1 
432 1.025000 -2.080046 0 1 
433 1.025000 -2.120036 0 1 
434 1.025000 -2.160029 0 1 
435 1.025000 -2.200023 0 1 
436 1.025000 -2.240018 0 1 
437 1.025000 -2.280014 0 1 
438 1.025000 -2.320011 0 1 
439 1.025000 -2.360009 0 1 
440 1.025000 -2.400007 0 1 
441 1.025000 -2.440005 0 1 
442 1.025000 -2.480004 0 1 
443 1.025000 -2.520003 0 1 
444 1.025000 -2.560002 0 1 
445 1.025000 -2.600002 0 1 
446 1.025000 -2.640001 0 1 
447 1.025000 -2.680001 0 1 
448 1.025000 -2.720000 0 1 
449 1.025000 -2.760000 0 1 
450 1.025000 -2.800000 0 1 
451 1.025000 -2.839999 0 1 
452 1.025000 -2.879999 0 1 
453 1.025000 -2.919999 0 1 
454 1.025000 -2.959999 0 1 
455 1.025000 -2.999999 0 1 
456 1.025000 -3.039999 0 1 
457 1.025000 -3.079999 0 1 
458 1.025000 -3.119999 0 1 
459 1.025000 3.123186 0 1 
460 1.025000 3.083186 0 1 
461 1.025000 3.043186 0 1 
462 1.025000 3.011186 0 1 
463 1.025000 2.985586 0 1 
464 1.025000 2.965106 0 1 
465 1.025000 2.948723 0 1 
466 1.025000 2.935615 0 1 
467 1.025000 2.925130 0 1 
468 1.025000 2.916741 0 1 
469 1.025000 2.910030 0 1 
470 1.025000 2.904662 0 1 
471 1.025000 2.900367 0 1 
472 1.025000 2.896931 0 1 
473 1.025000 2.894182 0 1 
